Date	Tmin	Tmax	Tavg
21/3/2016	9	25	17
22/3/2016	13.8	21.6	17.7
23/3/2016	4	14.4	9.2
24/3/2016	2.4	17.6	10
25/3/2016	5.8	19	12.4
26/3/2016	8	17.2	12.6
27/3/2016	5	18.8	11.9
28/3/2016	6.2	22.4	14.3
29/3/2016	7	24.2	15.6
30/3/2016	8	18.4	13.2
31/3/2016	11	20.4	15.7
1/4/2016	8	21.6	14.8
2/4/2016	7	24	15.5
3/4/2016	10	23	16.5
4/4/2016	10.6	26.4	18.5
5/4/2016	9.6	25.6	17.6
6/4/2016	10	26.4	18.2
7/4/2016	12	29	20.5
8/4/2016	12	29.4	20.7
9/4/2016	12.2	31.6	21.9
10/4/2016	13.8	31.6	22.7
11/4/2016	19	29.6	24.3
12/4/2016	15.2	23	19.1
13/4/2016	14.8	25.4	20.1
14/4/2016	8.4	20.4	14.4
15/4/2016	7	21.8	14.4
16/4/2016	10	20.6	15.3
17/4/2016	10	25	17.5
18/4/2016	11.8	26.2	19
19/4/2016	7	26.8	16.9
20/4/2016	13.2	28	20.6
21/4/2016	11	31.2	21.1
22/4/2016	14.6	32.4	23.5
23/4/2016	16.4	31.2	23.8
24/4/2016	15.8	30.4	23.1
25/4/2016	11	20.4	15.7
26/4/2016	7.6	23	15.3
27/4/2016	9.4	28	18.7
28/4/2016	10.2	28.8	19.5
29/4/2016	11.8	31	21.4
30/4/2016	13.4	33.8	23.6
1/5/2016	13	35.4	24.2
2/5/2016	16.6	35	25.8
3/5/2016	15	35.2	25.1
4/5/2016	14.2	34.2	24.2
5/5/2016	16.2	33	24.6
6/5/2016	18.2	29.4	23.8
7/5/2016	13.2	29.8	21.5
8/5/2016	11.4	29	20.2
9/5/2016	16	31.6	23.8
10/5/2016	18.2	28.8	23.5
11/5/2016	14.2	30.4	22.3
12/5/2016	17.6	34.6	26.1
13/5/2016	16.8	36.4	26.6
14/5/2016	20	37	28.5
15/5/2016	19	31	25
16/5/2016	15	30	22.5
17/5/2016	14.8	31.6	23.2
18/5/2016	17	33.4	25.2
19/5/2016	18.2	35	26.6
20/5/2016	18.8	37.4	28.1
21/5/2016	19	36.2	27.6
22/5/2016	16	35.2	25.6
23/5/2016	20	35.8	27.9
24/5/2016	20	36.8	28.4
25/5/2016	18.2	36.6	27.4
26/5/2016	19.6	36	27.8
27/5/2016	18.6	36.4	27.5
28/5/2016	19	34.6	26.8
29/5/2016	20	36.4	28.2
30/5/2016	20	37	28.5
31/5/2016	20	38.6	29.3
1/6/2016	23.2	40	31.6
2/6/2016	22.8	41.2	32
3/6/2016	27.2	41.4	34.3
4/6/2016	23.8	41	32.4
5/6/2016	22.8	40.4	31.6
6/6/2016	24.8	41.4	33.1
7/6/2016	26	41.8	33.9
8/6/2016	18.4	37.2	27.8
9/6/2016	18.6	37	27.8
10/6/2016	25	40	32.5
11/6/2016	25.6	40.4	33
12/6/2016	24.4	42	33.2
13/6/2016	21.8	41	31.4
14/6/2016	18.2	39	28.6
15/6/2016	19.6	39	29.3
16/6/2016	21	39.4	30.2
17/6/2016	20	39	29.5
18/6/2016	20.6	38.4	29.5
19/6/2016	20.6	38.4	29.5
20/6/2016	22	40.8	31.4
21/6/2016	23.2	42.6	32.9
22/6/2016	22.8	43.6	33.2
23/6/2016	24	40.8	32.4
24/6/2016	25.2	40	32.6
25/6/2016	21.8	39.8	30.8
26/6/2016	25	40	32.5
27/6/2016	23.4	39.4	31.4
28/6/2016	20.6	41	30.8
29/6/2016	23.4	44.4	33.9
30/6/2016	22	45	33.5
1/7/2016	26	44.4	35.2
2/7/2016	25.2	40.6	32.9
3/7/2016	27	41.2	34.1
4/7/2016	26	44	35
5/7/2016	22.2	43	32.6
6/7/2016	23.8	42.6	33.2
7/7/2016	25.4	42	33.7
8/7/2016	26	39.4	32.7
9/7/2016	26	42	34
10/7/2016	28	42.6	35.3
11/7/2016	24.8	42.4	33.6
12/7/2016	27	42.4	34.7
13/7/2016	24.6	41.4	33
14/7/2016	25.8	42.2	34
15/7/2016	23.8	42.4	33.1
16/7/2016	25.8	43	34.4
17/7/2016	22.8	42.6	32.7
18/7/2016	20.8	40.4	30.6
19/7/2016	20.6	40	30.3
20/7/2016	15.8	34	24.9
21/7/2016	16	33.2	24.6
22/7/2016	17.2	37	27.1
23/7/2016	19.6	37	28.3
24/7/2016	20	36	28
25/7/2016	19.4	36.8	28.1
26/7/2016	20	38.4	29.2
27/7/2016	22.6	38.6	30.6
28/7/2016	25.6	41.4	33.5
29/7/2016	25.6	41.4	33.5
30/7/2016	24.2	40.8	32.5
31/7/2016	24.6	39.2	31.9
1/8/2016	19	37	28
2/8/2016	23.4	37	30.2
3/8/2016	21	38.8	29.9
4/8/2016	21	39.2	30.1
5/8/2016	20	39.4	29.7
6/8/2016	22	40	31
7/8/2016	21	40.6	30.8
8/8/2016	23	40.4	31.7
9/8/2016	22	40.6	31.3
10/8/2016	19	37	28
11/8/2016	23.4	37	30.2
12/8/2016	20.8	39.4	30.1
13/8/2016	21	40.2	30.6
14/8/2016	20.2	40.4	30.3
15/8/2016	20.8	41.8	31.3
16/8/2016	21	41.6	31.3
17/8/2016	20.8	43	31.9
18/8/2016	19.6	43	31.3
19/8/2016	20	42.6	31.3
20/8/2016	23.2	43.6	33.4
21/8/2016	20	43.4	31.7
22/8/2016	20	39	29.5
23/8/2016	21.6	37.4	29.5
24/8/2016	20.8	38.4	29.6
25/8/2016	19.6	37.8	28.7
26/8/2016	18	36	27
27/8/2016	18.6	36	27.3
28/8/2016	18.6	36.8	27.7
29/8/2016	19.2	35	27.1
30/8/2016	20.2	35.4	27.8
31/8/2016	20	37	28.5
1/9/2016	24.6	35	29.8
2/9/2016	8.6	33.4	21
3/9/2016	18.4	32.4	25.4
4/9/2016	17.2	34.8	26
5/9/2016	19	37.2	28.1
6/9/2016	20	38	29
7/9/2016	20	36.6	28.3
8/9/2016	20	36.4	28.2
9/9/2016	19.6	36.4	28
10/9/2016	20	35.4	27.7
11/9/2016	20	35.6	27.8
12/9/2016	20	36.6	28.3
13/9/2016	16	35.6	25.8
14/9/2016	20.4	37	28.7
15/9/2016	17	36.6	26.8
16/9/2016	19	35.4	27.2
17/9/2016	15.8	34	24.9
18/9/2016	14.2	29.2	21.7
19/9/2016	15	28	21.5
20/9/2016	13.2	27.6	20.4
21/9/2016	12.8	30.2	21.5
22/9/2016	12.6	33.8	23.2
23/9/2016	15	34.4	24.7
24/9/2016	16.6	34.8	25.7
25/9/2016	14	33.4	23.7
26/9/2016	15.2	32.8	24
27/9/2016	15.4	29.6	22.5
28/9/2016	13.6	29.4	21.5
29/9/2016	13	30	21.5
30/9/2016	13.8	32	22.9
1/10/2016	17.6	33	25.3
2/10/2016	15.6	32.8	24.2
3/10/2016	14.8	35.2	25
4/10/2016	17	35.4	26.2
5/10/2016	20	33	26.5
6/10/2016	13.6	34.6	24.1
7/10/2016	13	33.4	23.2
8/10/2016	17	33.6	25.3
9/10/2016	18.2	30.6	24.4
10/10/2016	14.4	30	22.2
11/10/2016	12.8	29	20.9
12/10/2016	10.8	29	19.9
13/10/2016	12.6	31	21.8
14/10/2016	12.6	31.8	22.2
15/10/2016	13.8	29.8	21.8
16/10/2016	14	29.6	21.8
17/10/2016	15	22.6	18.8
18/10/2016	6	22.4	14.2
19/10/2016	9.2	24.2	16.7
20/10/2016	11.4	26.4	18.9
21/10/2016	12	28.2	20.1
22/10/2016	10.8	23.2	17
23/10/2016	12	24.4	18.2
24/10/2016	10.2	24.2	17.2
25/10/2016	10	27.6	18.8
26/10/2016	9.6	28.4	19
27/10/2016	13	28.6	20.8
28/10/2016	19	27.4	23.2
29/10/2016	13	24.4	18.7
30/10/2016	11.6	20.6	16.1
31/10/2016	9	22.6	15.8
1/11/2016	7.8	12	9.9
2/11/2016	6	8	7
3/11/2016	5.8	12.4	9.1
4/11/2016	1.4	17.4	9.4
5/11/2016	2.4	17.6	10
6/11/2016	9	16.8	12.9
7/11/2016	9.8	16.8	13.3
8/11/2016	9	17.6	13.3
9/11/2016	9	17	13
10/11/2016	7.4	17	12.2
11/11/2016	8.2	15.6	11.9
12/11/2016	3.2	17.2	10.2
13/11/2016	6	19	12.5
14/11/2016	4.4	16.6	10.5
15/11/2016	1.4	15.6	8.5
16/11/2016	2.2	18.8	10.5
17/11/2016	6	16.4	11.2
18/11/2016	8	15.6	11.8
19/11/2016	3.8	19.4	11.6
20/11/2016	7.2	17	12.1
21/11/2016	3.4	17.2	10.3
22/11/2016	2	17.4	9.7
23/11/2016	1.6	19.4	10.5
24/11/2016	1.6	19	10.3
25/11/2016	2.8	19.2	11
26/11/2016	-0.8	19.4	9.3
27/11/2016	-1	19.8	9.4
28/11/2016	1	18	9.5
29/11/2016	3.2	18.4	10.8
30/11/2016	3.8	19	11.4
1/12/2016	6.8	17.4	12.1
2/12/2016	10.6	14.6	12.6
3/12/2016	8.8	16.6	12.7
4/12/2016	5.8	11.8	8.8
5/12/2016	-1	12	5.5
6/12/2016	1.8	8.8	5.3
7/12/2016	0	4.2	2.1
8/12/2016	-1.8	10	4.1
9/12/2016	-1.4	10.8	4.7
10/12/2016	-1.6	7.4	2.9
11/12/2016	0.6	7.4	4
12/12/2016	2	8.4	5.2
13/12/2016	-2.2	9.4	3.6
14/12/2016	-1	7	3
15/12/2016	2.8	9.6	6.2
16/12/2016	-1.6	12	5.2
17/12/2016	-1	10.4	4.7
18/12/2016	-0.6	8.4	3.9
19/12/2016	-0.6	12	5.7
20/12/2016	-1.8	7	2.6
21/12/2016	-0.2	10.2	5
22/12/2016	-1.4	11	4.8
23/12/2016	-1	11.6	5.3
24/12/2016	0	10.2	5.1
25/12/2016	2	12.2	7.1
26/12/2016	-0.8	10.4	4.8
27/12/2016	-2.4	11.6	4.6
28/12/2016	-1.4	12	5.3
29/12/2016	-2.4	12.8	5.2
30/12/2016	-1	8	3.5
31/12/2016	0.6	14.6	7.6
1/1/2017	1.6	16.4	9
2/1/2017	3.2	15.8	9.5
3/1/2017	-1.2	10	4.4
4/1/2017	-1.2	8.6	3.7
5/1/2017	-1.4	12.4	5.5
6/1/2017	1	13.4	7.2
7/1/2017	5	15.8	10.4
8/1/2017	3.8	13.4	8.6
9/1/2017	3.4	10.4	6.9
10/1/2017	4	11	7.5
11/1/2017	-1	11.8	5.4
12/1/2017	-1.2	11.6	5.2
13/1/2017	-0.8	14.4	6.8
14/1/2017	-0.8	16.4	7.8
15/1/2017	0	15.8	7.9
16/1/2017	3.4	15.6	9.5
17/1/2017	2.4	14.4	8.4
18/1/2017	0.6	14.8	7.7
19/1/2017	0.8	15.6	8.2
20/1/2017	3	16.4	9.7
21/1/2017	1	17.6	9.3
22/1/2017	3	17.4	10.2
23/1/2017	6.8	16	11.4
24/1/2017	9	17.8	13.4
25/1/2017	3	15.4	9.2
26/1/2017	-0.8	11.2	5.2
27/1/2017	-1.6	9.6	4
28/1/2017	-3.8	6.6	1.4
29/1/2017	-5.2	6	0.4
30/1/2017	-4	10.4	3.2
31/1/2017	-1	12	5.5
1/2/2017	-0.8	13	6.1
2/2/2017	-0.4	13.4	6.5
3/2/2017	2	12.4	7.2
4/2/2017	-1	14.8	6.9
5/2/2017	0	17.2	8.6
6/2/2017	-0.8	19	9.1
7/2/2017	9.6	18.6	14.1
8/2/2017	4	12.8	8.4
9/2/2017	-3	7.6	2.3
10/2/2017	-6	7	0.5
11/2/2017	-5.2	8.4	1.6
12/2/2017	-4.6	12.6	4
13/2/2017	-2.2	14.4	6.1
14/2/2017	0	15.4	7.7
15/2/2017	3	17.4	10.2
16/2/2017	1.4	19.2	10.3
17/2/2017	3	17.4	10.2
18/2/2017	2.6	17.4	10
19/2/2017	3	18.8	10.9
20/2/2017	7	20.8	13.9
21/2/2017	6.6	21.6	14.1
22/2/2017	7	23	15
23/2/2017	6.4	26.4	16.4
24/2/2017	14.2	19	16.6
25/2/2017	4.4	18.6	11.5
26/2/2017	6.6	21.8	14.2
27/2/2017	7	24.4	15.7
28/2/2017	10.8	21.4	16.1
1/3/2017	6.8	20.8	13.8
2/3/2017	4.6	18.8	11.7
3/3/2017	5.6	21	13.3
4/3/2017	6.8	22.8	14.8
5/3/2017	10.2	27.8	19
6/3/2017	10.8	26.8	18.8
7/3/2017	10	20.4	15.2
8/3/2017	3.6	21	12.3
9/3/2017	4.2	22.6	13.4
10/3/2017	5.8	26.8	16.3
11/3/2017	5	26	15.5
12/3/2017	9.8	22	15.9
13/3/2017	7	21.4	14.2
14/3/2017	2.6	22	12.3
15/3/2017	9.8	16.2	13
16/3/2017	3.2	18.4	10.8
17/3/2017	6.6	15.8	11.2
18/3/2017	2.4	15	8.7
19/3/2017	3.6	15.8	9.7
20/3/2017	3.6	21.4	12.5
21/3/2017	12.4	25.8	19.1
22/3/2017	8	16.4	12.2
23/3/2017	3.4	16.2	9.8
24/3/2017	4.4	22.4	13.4
25/3/2017	7.8	24	15.9
26/3/2017	11.2	18	14.6
27/3/2017	11.2	16.8	14
28/3/2017	8	23.6	15.8
29/3/2017	11	20.6	15.8
30/3/2017	8.4	17.2	12.8
31/3/2017	4.2	20	12.1
1/4/2017	6.6	10.2	8.4
2/4/2017	1.2	15.4	8.3
3/4/2017	1.4	20.8	11.1
4/4/2017	6	21	13.5
5/4/2017	7.2	22.6	14.9
6/4/2017	8.2	25.6	16.9
7/4/2017	7.6	27.2	17.4
8/4/2017	9	26.4	17.7
9/4/2017	13.2	23.6	18.4
10/4/2017	9.8	26.4	18.1
11/4/2017	11.4	26.8	19.1
12/4/2017	14	24.4	19.2
13/4/2017	13.8	21	17.4
14/4/2017	11.2	21.4	16.3
15/4/2017	11.8	23.6	17.7
16/4/2017	6.6	23	14.8
17/4/2017	9	22.4	15.7
18/4/2017	7.4	20	13.7
19/4/2017	9.4	22	15.7
20/4/2017	10	24.4	17.2
21/4/2017	9	28.2	18.6
22/4/2017	13.8	30.2	22
23/4/2017	10	30	20
24/4/2017	15.8	30.6	23.2
25/4/2017	12.6	31.8	22.2
26/4/2017	15	33.6	24.3
27/4/2017	16	34.6	25.3
28/4/2017	17	35	26
29/4/2017	17.2	35.2	26.2
30/4/2017	17	28.6	22.8
1/5/2017	15.4	31	23.2
2/5/2017	15.4	30.6	23
3/5/2017	14.6	31.2	22.9
4/5/2017	15	31	23
5/5/2017	20	33.4	26.7
6/5/2017	14.4	32.4	23.4
7/5/2017	15	31.6	23.3
8/5/2017	18.8	31.2	25
9/5/2017	14.6	30.2	22.4
10/5/2017	13	31.4	22.2
11/5/2017	13.2	28.4	20.8
12/5/2017	13.6	27.2	20.4
13/5/2017	15	28.8	21.9
14/5/2017	15.4	32.6	24
15/5/2017	19.2	35	27.1
16/5/2017	19.8	38	28.9
17/5/2017	22	37	29.5
18/5/2017	19.2	38.4	28.8
19/5/2017	22.4	38.4	30.4
20/5/2017	20	37.4	28.7
21/5/2017	14.8	32.4	23.6
22/5/2017	14.2	32.2	23.2
23/5/2017	17.8	34.8	26.3
24/5/2017	20.8	36.4	28.6
25/5/2017	17.6	32.4	25
26/5/2017	18.8	33	25.9
27/5/2017	17.4	36	26.7
28/5/2017	17	38.4	27.7
29/5/2017	22.2	38.8	30.5
30/5/2017	21.4	36	28.7
31/5/2017	18.6	33.8	26.2
1/6/2017	18	32.4	25.2
2/6/2017	18.4	33.2	25.8
3/6/2017	17.6	32.8	25.2
4/6/2017	20.8	37	28.9
5/6/2017	24	36.2	30.1
6/6/2017	24.8	39	31.9
7/6/2017	24.2	41	32.6
8/6/2017	21	35	28
9/6/2017	20.8	36.6	28.7
10/6/2017	22	40.6	31.3
11/6/2017	25	40.8	32.9
12/6/2017	19	36.4	27.7
13/6/2017	17.8	32	24.9
14/6/2017	17.4	33.2	25.3
15/6/2017	21.2	34.2	27.7
16/6/2017	17.6	37.4	27.5
17/6/2017	24	37.8	30.9
18/6/2017	19	38	28.5
19/6/2017	21	38.8	29.9
20/6/2017	21	38.4	29.7
21/6/2017	22	37.4	29.7
22/6/2017	22.8	36.2	29.5
23/6/2017	21	36.4	28.7
24/6/2017	21.6	36	28.8
25/6/2017	21.4	37.6	29.5
26/6/2017	24	38.2	31.1
27/6/2017	24	37.6	30.8
28/6/2017	23.6	38.6	31.1
29/6/2017	25.6	42.2	33.9
30/6/2017	23.8	43.4	33.6
1/7/2017	24.6	44	34.3
2/7/2017	25.6	43.8	34.7
3/7/2017	22.2	41.4	31.8
4/7/2017	20	38.4	29.2
5/7/2017	20.8	39.4	30.1
6/7/2017	22.2	39	30.6
7/7/2017	21.4	38.4	29.9
8/7/2017	22	39.6	30.8
9/7/2017	24	40	32
10/7/2017	22.8	39	30.9
11/7/2017	23.8	40.66	32.23
12/7/2017	21.6	40	30.8
13/7/2017	19.6	38	28.8
14/7/2017	20	37.2	28.6
15/7/2017	21.6	39	30.3
16/7/2017	25	41.4	33.2
17/7/2017	22.4	40.6	31.5
18/7/2017	25	40	32.5
19/7/2017	24.8	41.4	33.1
20/7/2017	28.4	42.4	35.4
21/7/2017	25.8	44	34.9
22/7/2017	24.6	43.4	34
23/7/2017	27	42.4	34.7
24/7/2017	24.8	42	33.4
25/7/2017	23.6	42.4	33
26/7/2017	21	41.6	31.3
27/7/2017	21	39.8	30.4
28/7/2017	21.8	39.2	30.5
29/7/2017	22	38.8	30.4
30/7/2017	20.6	37	28.8
31/7/2017	23.4	38.8	31.1
1/8/2017	21.8	40.4	31.1
2/8/2017	23	38.8	30.9
3/8/2017	25	38	31.5
4/8/2017	21.8	39.4	30.6
5/8/2017	22.8	39	30.9
6/8/2017	19.8	38.4	29.1
7/8/2017	19.6	39.4	29.5
8/8/2017	19	39.8	29.4
9/8/2017	19	40	29.5
10/8/2017	19	37.6	28.3
11/8/2017	21.6	38.8	30.2
12/8/2017	23.8	40.8	32.3
13/8/2017	24	41	32.5
14/8/2017	23	39.4	31.2
15/8/2017	22.4	38.4	30.4
16/8/2017	22.6	36.4	29.5
17/8/2017	20.4	35.6	28
18/8/2017	17.6	36.4	27
19/8/2017	21	38	29.5
20/8/2017	17.2	36	26.6
21/8/2017	16	35.4	25.7
22/8/2017	19.6	36.2	27.9
23/8/2017	18.2	36.6	27.4
24/8/2017	20.6	36.2	28.4
25/8/2017	19.2	36.6	27.9
26/8/2017	18.6	39	28.8
27/8/2017	22.6	39.4	31
28/8/2017	21	38.8	29.9
29/8/2017	20.6	39.8	30.2
30/8/2017	21	40.4	30.7
31/8/2017	22	38.2	30.1
1/9/2017	24.6	38.4	31.5
2/9/2017	23.6	38.4	31
3/9/2017	20	38.4	29.2
4/9/2017	20.6	39	29.8
5/9/2017	21.8	39.4	30.6
6/9/2017	17.8	38.6	28.2
7/9/2017	20	36.4	28.2
8/9/2017	17.8	34	25.9
9/9/2017	16.6	34	25.3
10/9/2017	21.4	36.6	29
11/9/2017	18	35.2	26.6
12/9/2017	18.6	35	26.8
13/9/2017	18.8	34.2	26.5
14/9/2017	16.8	36.2	26.5
15/9/2017	19.6	36.8	28.2
16/9/2017	18.4	36.8	27.6
17/9/2017	18	37.2	27.6
18/9/2017	18.4	33.6	26
19/9/2017	15.8	34.6	25.2
20/9/2017	15.8	36.8	26.3
21/9/2017	15.2	37	26.1
22/9/2017	18.2	36.4	27.3
23/9/2017	19.4	37	28.2
24/9/2017	16.2	38.2	27.2
25/9/2017	15.4	34	24.7
26/9/2017	14.4	33.4	23.9
27/9/2017	15.2	33.4	24.3
28/9/2017	15.8	33.8	24.8
29/9/2017	16.6	30	23.3
30/9/2017	10.6	26.6	18.6
