LATITUDE	LONGITUDE	Date	Tavg	tmax	tmin	Rainfall
16.967	7.967	01/01/2017	20.55	25.4	11.5	121
16.967	7.967	02/01/2017	20.4	25.3	10	121
16.967	7.967	03/01/2017	21.2	26.4	12	121
16.967	7.967	04/01/2017	20.6	26	11.9	121
16.967	7.967	05/01/2017	20.7	26.9	11	121
16.967	7.967	06/01/2017	22.1	28.1	11.5	121
16.967	7.967	07/01/2017	24.7	28	12	121
16.967	7.967	08/01/2017	22.9	27.9	15	121
16.967	7.967	09/01/2017	20.3	27.2	9.6	121
16.967	7.967	10/01/2017	20.5	26.5	10	121
16.967	7.967	11/01/2017	21.2	27.2	10.4	121
16.967	7.967	12/01/2017	22.7	29.5	11	121
16.967	7.967	13/01/2017	21.1	29.3	9.4	121
16.967	7.967	14/01/2017	20.8	27.3	7.8	121
16.967	7.967	15/01/2017	22.4	27.8	10.5	121
16.967	7.967	16/01/2017	23.2	29.9	12.1	121
16.967	7.967	17/01/2017	26.2	31	16.4	121
16.967	7.967	18/01/2017	26.3	32.25	16.5	121
16.967	7.967	19/01/2017	27.4	32.25	19	121
16.967	7.967	20/01/2017	27.8	33.5	18.4	121
16.967	7.967	21/01/2017	29.1	34	19	121
16.967	7.967	22/01/2017	29.2	35.1	19.5	121
16.967	7.967	23/01/2017	27	33.05	20	121
16.967	7.967	24/01/2017	25.2	31	17.7	121
16.967	7.967	25/01/2017	25.2	31.1	15.4	121
16.967	7.967	26/01/2017	24.4	31.3	15	121
16.967	7.967	27/01/2017	25.1	31.5	15.6	121
16.967	7.967	28/01/2017	24.3	31	13.5	121
16.967	7.967	29/01/2017	23.6	29.5	11.4	121
16.967	7.967	30/01/2017	23.1	29.5	11.6	121
16.967	7.967	31/01/2017	23.5	28.5	11.8	121
16.967	7.967	01/02/2017	23.7	27.5	16	121
16.967	7.967	02/02/2017	23.5	28	18.5	121
16.967	7.967	03/02/2017	24.1	28.5	18.5	121
16.967	7.967	04/02/2017	25.7	31.3	15.5	121
16.967	7.967	05/02/2017	26	30.6	19.4	121
16.967	7.967	06/02/2017	25.9	31	17.5	121
16.967	7.967	07/02/2017	25.9	31	15.4	121
16.967	7.967	08/02/2017	25.1	30.4	17	121
16.967	7.967	09/02/2017	24.6	30.5	16.45	121
16.967	7.967	10/02/2017	25.3	30.6	15.9	121
16.967	7.967	11/02/2017	26.2	30.5	17.65	121
16.967	7.967	12/02/2017	26	30.5	17.65	121
16.967	7.967	13/02/2017	24.9	28.5	19.4	121
16.967	7.967	14/02/2017	24.6	29.8	18	121
16.967	7.967	15/02/2017	23.8	29.5	13	121
16.967	7.967	16/02/2017	24.7	30	13.9	121
16.967	7.967	17/02/2017	21.9	27.5	12.15	121
16.967	7.967	18/02/2017	22	28.6	10.4	121
16.967	7.967	19/02/2017	22.6	29.5	10.3	121
16.967	7.967	20/02/2017	25.2	30.1	10.9	121
16.967	7.967	21/02/2017	25.4	31	10.9	121
16.967	7.967	22/02/2017	26.1	32.3	13.9	121
16.967	7.967	23/02/2017	26.8	32.1	15.9	121
16.967	7.967	24/02/2017	25.9	31.5	17.6	121
16.967	7.967	25/02/2017	26.7	32.5	16.8	121
16.967	7.967	26/02/2017	27.7	33.5	16	121
16.967	7.967	27/02/2017	29.4	36.4	16	121
16.967	7.967	28/02/2017	31	36.9	19.1	121
16.967	7.967	01/03/2017	30.5	36.2	18.7	121
16.967	7.967	02/03/2017	28.9	35.5	19.5	121
16.967	7.967	03/03/2017	30.2	36.4	19.7	121
16.967	7.967	04/03/2017	30.5	36.3	21.5	121
16.967	7.967	05/03/2017	30.5	35.4	21.8	121
16.967	7.967	06/03/2017	31.3	36	22.5	121
16.967	7.967	07/03/2017	30.1	35.3	18.9	121
16.967	7.967	08/03/2017	31.1	35.2	19	121
16.967	7.967	09/03/2017	29.7	34	18.3	121
16.967	7.967	10/03/2017	26.9	32.2	17.8	121
16.967	7.967	11/03/2017	26.5	32	13.6	121
16.967	7.967	12/03/2017	26.6	32.4	14	121
16.967	7.967	13/03/2017	27.8	33.1	14.6	121
16.967	7.967	14/03/2017	28.4	35.6	15.5	121
16.967	7.967	15/03/2017	29.9	37.5	15.6	121
16.967	7.967	16/03/2017	28.3	36.4	15.6	121
16.967	7.967	17/03/2017	30.8	36.3	19.5	121
16.967	7.967	18/03/2017	30.8	36.2	22.4	121
16.967	7.967	19/03/2017	30.3	35.3	21.7	121
16.967	7.967	20/03/2017	30.1	36	21	121
16.967	7.967	21/03/2017	32.2	39	20.4	121
16.967	7.967	22/03/2017	33	41.5	25.5	121
16.967	7.967	23/03/2017	30.1	36.9	24.15	121
16.967	7.967	24/03/2017	33.1	39.5	22.8	121
16.967	7.967	25/03/2017	32.9	38.5	22.9	121
16.967	7.967	26/03/2017	32.4	38.4	23	121
16.967	7.967	27/03/2017	32.3	38	19.5	121
16.967	7.967	28/03/2017	31.2	39.1	19	121
16.967	7.967	29/03/2017	32.8	38.4	21.5	121
16.967	7.967	30/03/2017	34.5	39.5	24	121
16.967	7.967	31/03/2017	31.8	38	22	121
16.967	7.967	01/04/2017	31.5	36	24.8	121
16.967	7.967	02/04/2017	31.4	35.3	23.6	121
16.967	7.967	03/04/2017	32.4	39	20.3	121
16.967	7.967	04/04/2017	33.9	38	20.6	121
16.967	7.967	05/04/2017	32.3	37	24.9	121
16.967	7.967	06/04/2017	34.5	40.2	23	121
16.967	7.967	07/04/2017	35.1	39.5	25.5	121
16.967	7.967	08/04/2017	35.9	39.2	30.5	121
16.967	7.967	09/04/2017	36.7	41	29.9	121
16.967	7.967	10/04/2017	37.2	42	27.9	121
16.967	7.967	11/04/2017	35.5	41	27.9	121
16.967	7.967	12/04/2017	32.1	36.5	25.9	121
16.967	7.967	13/04/2017	30.1	34.5	24.9	121
16.967	7.967	14/04/2017	30.2	35	23.5	121
16.967	7.967	15/04/2017	30.2	35.5	21.5	121
16.967	7.967	16/04/2017	30.4	36	19	121
16.967	7.967	17/04/2017	31.4	36.9	20.6	121
16.967	7.967	18/04/2017	32.4	38	18.5	121
16.967	7.967	19/04/2017	34.3	39	21.2	121
16.967	7.967	20/04/2017	33.6	39	21	121
16.967	7.967	21/04/2017	34.2	40	21.6	121
16.967	7.967	22/04/2017	35.7	41	22.55	121
16.967	7.967	23/04/2017	36.9	41.5	23.5	121
16.967	7.967	24/04/2017	35.5	41.5	23.4	121
16.967	7.967	25/04/2017	36.2	41.6	27.4	121
16.967	7.967	26/04/2017	36.7	42.5	26.95	121
16.967	7.967	27/04/2017	37.9	43.5	26.5	121
16.967	7.967	28/04/2017	38.3	43.6	28.2	121
16.967	7.967	29/04/2017	37.9	42.7	29	121
16.967	7.967	30/04/2017	36.7	43.5	25	121
16.967	7.967	01/05/2017	37.2	44	26.9	121
16.967	7.967	02/05/2017	37.8	43.75	27	121
16.967	7.967	03/05/2017	38.3	43.5	26	121
16.967	7.967	04/05/2017	36.5	43.1	25	121
16.967	7.967	05/05/2017	37.8	43.6	26.5	121
16.967	7.967	06/05/2017	39.4	44	28.2	121
16.967	7.967	07/05/2017	37.7	42.5	29.1	121
16.967	7.967	08/05/2017	39	43.2	28.6	121
16.967	7.967	09/05/2017	37.9	43	25.9	121
16.967	7.967	10/05/2017	34.3	42	25.65	121
16.967	7.967	11/05/2017	34.4	41	25.4	121
16.967	7.967	12/05/2017	38.4	44	28.9	121
16.967	7.967	13/05/2017	39.3	45.1	29.3	121
16.967	7.967	14/05/2017	38.6	44	27.6	121
16.967	7.967	15/05/2017	37.4	42.5	27.5	121
16.967	7.967	16/05/2017	36.1	41.4	27.5	121
16.967	7.967	17/05/2017	33.4	39.5	27.05	121
16.967	7.967	18/05/2017	35.4	40.8	26.6	121
16.967	7.967	19/05/2017	37.3	42.5	28.1	121
16.967	7.967	20/05/2017	38.3	42.75	29.4	121
16.967	7.967	21/05/2017	38.4	43	28.1	121
16.967	7.967	22/05/2017	37.5	42	29.5	121
16.967	7.967	23/05/2017	38.2	42.5	28	121
16.967	7.967	24/05/2017	35.9	41.5	24	121
16.967	7.967	25/05/2017	36.6	42	27.8	121
16.967	7.967	26/05/2017	35.8	41.5	28.5	121
16.967	7.967	27/05/2017	38.2	42.6	30.2	121
16.967	7.967	28/05/2017	38.1	42.55	31	121
16.967	7.967	29/05/2017	38.7	42.5	30.6	121
16.967	7.967	30/05/2017	37.3	42	32.5	121
16.967	7.967	31/05/2017	36	40.3	28.1	121
16.967	7.967	01/06/2017	36.1	42	29.6	121
16.967	7.967	02/06/2017	40.2	45.5	30.6	121
16.967	7.967	03/06/2017	38.1	43.5	31.6	121
16.967	7.967	04/06/2017	35.4	41.5	28.55	121
16.967	7.967	05/06/2017	35.5	41.1	25.5	121
16.967	7.967	06/06/2017	34.2	39	24.5	121
16.967	7.967	07/06/2017	32.1	35.5	23.5	121
16.967	7.967	08/06/2017	33.8	39.5	26	121
16.967	7.967	09/06/2017	37.4	43	28.35	121
16.967	7.967	10/06/2017	39.3	44	30.7	121
16.967	7.967	11/06/2017	39.4	44	30.5	121
16.967	7.967	12/06/2017	39	42.25	30.95	121
16.967	7.967	13/06/2017	35.9	40.5	31.4	121
16.967	7.967	14/06/2017	35.4	40	27.4	121
16.967	7.967	15/06/2017	37.3	41	30.2	121
16.967	7.967	16/06/2017	38.8	43.5	30.9	121
16.967	7.967	17/06/2017	39.8	42.5	33.9	121
16.967	7.967	18/06/2017	34.6	39.7	30.7	121
16.967	7.967	19/06/2017	36.4	41	30.1	121
16.967	7.967	20/06/2017	32.4	41	27.4	121
16.967	7.967	21/06/2017	33.3	38.5	24.7	121
16.967	7.967	22/06/2017	35.7	42.5	26.4	121
16.967	7.967	23/06/2017	35.5	40.6	29	121
16.967	7.967	24/06/2017	29.2	34.5	26	121
16.967	7.967	25/06/2017	31.6	38.2	28.8	121
16.967	7.967	26/06/2017	37.7	40.1	28.8	121
16.967	7.967	27/06/2017	37.7	40.1	31.6	121
16.967	7.967	28/06/2017	35.9	42	28.5	121
16.967	7.967	29/06/2017	33.8	39.5	28.8	121
16.967	7.967	30/06/2017	36.6	40.25	29.5	121
16.967	7.967	01/07/2017	34.7	41	30.3	121
16.967	7.967	02/07/2017	34.9	40	29.5	121
16.967	7.967	03/07/2017	34.6	39.75	29.2	121
16.967	7.967	04/07/2017	34.6	39.5	28.9	121
16.967	7.967	05/07/2017	34.9	40	29.4	121
16.967	7.967	06/07/2017	33.8	40	26.85	121
16.967	7.967	07/07/2017	31.4	39	26.85	121
16.967	7.967	08/07/2017	32.2	38	24.3	121
16.967	7.967	09/07/2017	34.2	37	25.15	121
16.967	7.967	10/07/2017	30.8	36	25.15	121
16.967	7.967	11/07/2017	31.4	35.5	26	121
16.967	7.967	12/07/2017	32.6	37.25	27.8	121
16.967	7.967	13/07/2017	33.7	37.25	27.6	121
16.967	7.967	14/07/2017	32.3	39	26.3	121
16.967	7.967	15/07/2017	32.7	38.5	25	121
16.967	7.967	16/07/2017	35.3	40.5	27.5	121
16.967	7.967	17/07/2017	36.3	41.3	28.5	121
16.967	7.967	18/07/2017	32.6	35.6	29.6	121
16.967	7.967	19/07/2017	33	37.4	24.5	121
16.967	7.967	20/07/2017	33.8	39	24.85	121
16.967	7.967	21/07/2017	34	38.3	25.2	121
16.967	7.967	22/07/2017	33.2	38.5	26	121
16.967	7.967	23/07/2017	35.5	41.3	26.8	121
16.967	7.967	24/07/2017	29.7	36.5	25.1	121
16.967	7.967	25/07/2017	30.4	36.2	23.4	121
16.967	7.967	26/07/2017	32.3	37.1	23.2	121
16.967	7.967	27/07/2017	33.2	39.9	25.9	121
16.967	7.967	28/07/2017	33.1	40	26.9	121
16.967	7.967	29/07/2017	33.3	39	24	121
16.967	7.967	30/07/2017	33.7	38	26.5	121
16.967	7.967	31/07/2017	34.7	41	29	121
16.967	7.967	01/08/2017	33.5	40.5	26.25	121
16.967	7.967	02/08/2017	31.6	36	23.5	121
16.967	7.967	03/08/2017	31.7	39.4	24.65	121
16.967	7.967	04/08/2017	33.4	38	25.8	121
16.967	7.967	05/08/2017	31.7	38.5	25.6	121
16.967	7.967	06/08/2017	31.9	37.5	26.9	121
16.967	7.967	07/08/2017	28.8	34.1	25.95	121
16.967	7.967	08/08/2017	32.7	37.5	25	121
16.967	7.967	09/08/2017	30.1	36.5	25	121
16.967	7.967	10/08/2017	30.5	37.2	25.1	121
16.967	7.967	11/08/2017	34.2	40.1	24	121
16.967	7.967	12/08/2017	36.3	43	27.5	121
16.967	7.967	13/08/2017	34.3	41.5	27.9	121
16.967	7.967	14/08/2017	31.3	41.2	24.8	121
16.967	7.967	15/08/2017	35.2	41.85	27.85	121
16.967	7.967	16/08/2017	39.1	42.5	30.9	121
16.967	7.967	17/08/2017	35.4	40.1	26.9	121
16.967	7.967	18/08/2017	30.7	35.5	23.5	121
16.967	7.967	19/08/2017	30.4	35.2	23.4	121
16.967	7.967	20/08/2017	29.6	36.1	23.2	121
16.967	7.967	21/08/2017	31.2	37	23	121
16.967	7.967	22/08/2017	29	34.9	24	121
16.967	7.967	23/08/2017	30.7	37	25	121
16.967	7.967	24/08/2017	32.6	39.3	25	121
16.967	7.967	25/08/2017	35.8	42.4	26.7	121
16.967	7.967	26/08/2017	37.3	40.7	28.5	121
16.967	7.967	27/08/2017	33.6	39	27.5	121
16.967	7.967	28/08/2017	35.3	40	27.1	121
16.967	7.967	29/08/2017	36.1	42	28.35	121
16.967	7.967	30/08/2017	33.5	37	29.6	121
16.967	7.967	31/08/2017	33.3	37.5	27.5	121
16.967	7.967	01/09/2017	33.3	38.2	26.9	121
16.967	7.967	02/09/2017	35.1	40	26.3	121
16.967	7.967	03/09/2017	36.5	41.6	26.4	121
16.967	7.967	04/09/2017	32.9	40.4	26.4	121
16.967	7.967	05/09/2017	33.1	38.7	26.4	121
16.967	7.967	06/09/2017	35.9	40.5	26.5	121
16.967	7.967	07/09/2017	36.1	41.5	25.1	121
16.967	7.967	08/09/2017	33.4	39.3	26.5	121
16.967	7.967	09/09/2017	34	40.5	26.5	121
16.967	7.967	10/09/2017	36.6	42	27.9	121
16.967	7.967	11/09/2017	37.2	42.5	28.2	121
16.967	7.967	12/09/2017	35.8	41	28.5	121
16.967	7.967	13/09/2017	38.1	42.6	30.9	121
16.967	7.967	14/09/2017	35.9	42	26.6	121
16.967	7.967	15/09/2017	34.5	41	25.05	121
16.967	7.967	16/09/2017	32.9	38.5	23.5	121
16.967	7.967	17/09/2017	31.3	40.1	26.5	121
16.967	7.967	18/09/2017	34.6	40	24.5	121
16.967	7.967	19/09/2017	35.1	41.5	23.9	121
16.967	7.967	20/09/2017	33.4	39.3	28	121
16.967	7.967	21/09/2017	34.4	40.4	25.5	121
16.967	7.967	22/09/2017	35.5	40.9	25.9	121
16.967	7.967	23/09/2017	35.3	41	26.9	121
16.967	7.967	24/09/2017	37.1	41.8	26.5	121
16.967	7.967	25/09/2017	35.9	41.3	25.8	121
16.967	7.967	26/09/2017	34	40.2	26	121
16.967	7.967	27/09/2017	34.7	41.1	25.2	121
16.967	7.967	28/09/2017	35.7	41.6	25.2	121
16.967	7.967	29/09/2017	36.6	41.8	24.4	121
16.967	7.967	30/09/2017	36.8	41.8	25.6	121
16.967	7.967	01/10/2017	35.6	40.5	26.4	121
16.967	7.967	02/10/2017	36.4	41.1	26.4	121
16.967	7.967	03/10/2017	36.6	40.6	25.8	121
16.967	7.967	04/10/2017	36.4	41.05	27.8	121
16.967	7.967	05/10/2017	36.9	41.5	29.8	121
16.967	7.967	06/10/2017	34.8	40.6	27.9	121
16.967	7.967	07/10/2017	35.1	39.5	26	121
16.967	7.967	08/10/2017	35.3	40	24.5	121
16.967	7.967	09/10/2017	36.2	40.5	25.2	121
16.967	7.967	10/10/2017	36	40.1	25.9	121
16.967	7.967	11/10/2017	35.6	40.4	25.7	121
16.967	7.967	12/10/2017	34.3	39	26.6	121
16.967	7.967	13/10/2017	33.3	38.5	24.8	121
16.967	7.967	14/10/2017	32.4	36.9	23.55	121
16.967	7.967	15/10/2017	31.8	36.5	22.3	121
16.967	7.967	16/10/2017	31.6	36.1	22.5	121
16.967	7.967	17/10/2017	31.4	37	22.8	121
16.967	7.967	18/10/2017	31.2	36.6	21	121
16.967	7.967	19/10/2017	31.6	37.5	20.4	121
16.967	7.967	20/10/2017	30.7	35.5	19.9	121
16.967	7.967	21/10/2017	30.6	35.8	20.15	121
16.967	7.967	22/10/2017	31.3	36.15	20.4	121
16.967	7.967	23/10/2017	31.3	36.5	19.6	121
16.967	7.967	24/10/2017	31.6	37.1	19.8	121
16.967	7.967	25/10/2017	30.9	36	20.5	121
16.967	7.967	26/10/2017	29.9	34.5	20.9	121
16.967	7.967	27/10/2017	27.5	33.5	17.8	121
16.967	7.967	28/10/2017	28	32	18.5	121
16.967	7.967	29/10/2017	29.1	33.5	19.4	121
16.967	7.967	30/10/2017	29.8	34.7	17.8	121
16.967	7.967	31/10/2017	28.8	34	17.85	121
16.967	7.967	01/11/2017	29.3	34.7	17.9	121
16.967	7.967	02/11/2017	30.3	35.3	18.6	121
16.967	7.967	03/11/2017	29.1	34	19.6	121
16.967	7.967	04/11/2017	27.7	32.5	17	121
16.967	7.967	05/11/2017	27.6	33.1	16.7	121
16.967	7.967	06/11/2017	28.2	32.95	16.4	121
16.967	7.967	07/11/2017	28.4	32.8	16.6	121
16.967	7.967	08/11/2017	27.8	33.9	15.9	121
16.967	7.967	09/11/2017	27.4	33.6	15.1	121
16.967	7.967	10/11/2017	28.3	32.4	16.5	121
16.967	7.967	11/11/2017	26.3	31.9	17.75	121
16.967	7.967	12/11/2017	28	33.6	19	121
16.967	7.967	13/11/2017	26.9	33	18	121
16.967	7.967	14/11/2017	28.2	34.6	15.7	121
16.967	7.967	15/11/2017	29.7	35.6	19	121
16.967	7.967	16/11/2017	30.4	35.5	20	121
16.967	7.967	17/11/2017	30	35.1	21.6	121
16.967	7.967	18/11/2017	30.2	35.3	20	121
16.967	7.967	19/11/2017	28.9	34	20	121
16.967	7.967	20/11/2017	29.3	34.4	19.7	121
16.967	7.967	21/11/2017	29.3	34	19.9	121
16.967	7.967	22/11/2017	26.9	32	19.5	121
16.967	7.967	23/11/2017	26.1	31.1	18.4	121
16.967	7.967	24/11/2017	26.1	31.2	17.4	121
16.967	7.967	25/11/2017	26.9	32.5	16.4	121
16.967	7.967	26/11/2017	25	32.1	15.45	121
16.967	7.967	27/11/2017	25.7	31	14.5	121
16.967	7.967	28/11/2017	25.2	31	14	121
16.967	7.967	29/11/2017	23.8	31.1	14	121
16.967	7.967	30/11/2017	25.8	31.5	13.5	121
16.967	7.967	01/12/2017	25.7	31.3	13.6	121
16.967	7.967	02/12/2017	24.1	30	13.9	121
16.967	7.967	03/12/2017	26.1	31.8	14.5	121
16.967	7.967	04/12/2017	25.5	31.9	14.5	121
16.967	7.967	05/12/2017	26.4	32.5	14.5	121
16.967	7.967	06/12/2017	24.2	28.5	15.6	121
16.967	7.967	07/12/2017	23.4	28.5	16.6	121
16.967	7.967	08/12/2017	21.8	27.5	19	121
16.967	7.967	09/12/2017	22.2	27.6	12.6	121
16.967	7.967	10/12/2017	21.3	28	12	121
16.967	7.967	11/12/2017	20.7	27.75	11.4	121
16.967	7.967	12/12/2017	21.7	27.5	10.5	121
16.967	7.967	13/12/2017	25.6	30	10.6	121
16.967	7.967	14/12/2017	27.8	32.5	13.7	121
16.967	7.967	15/12/2017	25.4	30	16.8	121
16.967	7.967	16/12/2017	24.9	31	14.95	121
16.967	7.967	17/12/2017	25.9	31	13.1	121
16.967	7.967	18/12/2017	25.4	31	15	121
16.967	7.967	19/12/2017	24.2	33.7	15.75	121
16.967	7.967	20/12/2017	27.2	33.5	16.5	121
16.967	7.967	21/12/2017	25.6	30.1	18	121
16.967	7.967	22/12/2017	24.4	32	16.5	121
16.967	7.967	23/12/2017	21.4	28.6	14.5	121
16.967	7.967	24/12/2017	20.1	25.2	12.5	121
16.967	7.967	25/12/2017	20.9	25	14.7	121
16.967	7.967	26/12/2017	22.3	26.5	14.1	121
16.967	7.967	27/12/2017	22.9	29	13.5	121
16.967	7.967	28/12/2017	22.4	28.5	13	121
16.967	7.967	29/12/2017	21.8	27.5	11.9	121
16.967	7.967	30/12/2017	22.9	28.5	13.5	121
16.967	7.967	31/12/2017	21.7	26.5	13.5	121
