LATITUDE	LONGITUDE	Date	Tavg	Tmax	Tmin	Rainfall
18.683	12.917	01/01/2017	16.8	21.7	11.3	14
18.683	12.917	02/01/2017	16.6	22.2	10.6	14
18.683	12.917	03/01/2017	17.9	23.2	11	14
18.683	12.917	04/01/2017	15.4	23.5	8.8	14
18.683	12.917	05/01/2017	15.1	25.5	3.5	14
18.683	12.917	06/01/2017	15.4	24.7	4.4	14
18.683	12.917	07/01/2017	19.2	25	10.2	14
18.683	12.917	08/01/2017	16.7	23	10	14
18.683	12.917	09/01/2017	11.6	21.6	0.8	14
18.683	12.917	10/01/2017	11.9	28	0.55	14
18.683	12.917	11/01/2017	15	28	0.3	14
18.683	12.917	12/01/2017	16.7	28	4	14
18.683	12.917	13/01/2017	16.4	25.5	8	14
18.683	12.917	14/01/2017	17.3	24.7	6.6	14
18.683	12.917	15/01/2017	14.1	25.5	2.5	14
18.683	12.917	16/01/2017	14.9	27	2.6	14
18.683	12.917	17/01/2017	17.7	28.2	4.6	14
18.683	12.917	18/01/2017	21.9	28.7	15.2	14
18.683	12.917	19/01/2017	23.2	32	13.7	14
18.683	12.917	20/01/2017	25.9	34.5	19.2	14
18.683	12.917	21/01/2017	25.6	34.8	14.5	14
18.683	12.917	22/01/2017	22.1	34.2	12	14
18.683	12.917	23/01/2017	22.3	32.7	11.3	14
18.683	12.917	24/01/2017	21.7	28.7	14.7	14
18.683	12.917	25/01/2017	21.6	27.3	15	14
18.683	12.917	26/01/2017	21.1	26.8	12.5	14
18.683	12.917	27/01/2017	17.8	27	10	14
18.683	12.917	28/01/2017	14.4	26.7	5.6	14
18.683	12.917	29/01/2017	15.2	26.5	1.2	14
18.683	12.917	30/01/2017	20.9	27.5	11.7	14
18.683	12.917	31/01/2017	18.4	26.6	8	14
18.683	12.917	01/02/2017	19.2	28	4.3	14
18.683	12.917	02/02/2017	20.6	27.7	13.2	14
18.683	12.917	03/02/2017	21.3	28	13	14
18.683	12.917	04/02/2017	21.4	29.6	7.7	14
18.683	12.917	05/02/2017	21.1	28.7	11.1	14
18.683	12.917	06/02/2017	19.3	29.2	11.1	14
18.683	12.917	07/02/2017	22.8	28.2	14.5	14
18.683	12.917	08/02/2017	20.7	27.5	12.75	14
18.683	12.917	09/02/2017	19.2	25	11	14
18.683	12.917	10/02/2017	21.9	28.7	9.4	14
18.683	12.917	11/02/2017	21.4	27	14.3	14
18.683	12.917	12/02/2017	20.2	27.2	13	14
18.683	12.917	13/02/2017	19.4	26.95	15.4	14
18.683	12.917	14/02/2017	17.8	26.7	9.35	14
18.683	12.917	15/02/2017	16.6	28.2	3.3	14
18.683	12.917	16/02/2017	19.6	28	7.6	14
18.683	12.917	17/02/2017	15.7	24	9.8	14
18.683	12.917	18/02/2017	17.8	26	6.1	14
18.683	12.917	19/02/2017	15.7	27.8	2.4	14
18.683	12.917	20/02/2017	17.9	29.6	3.7	14
18.683	12.917	21/02/2017	19.1	31	7.2	14
18.683	12.917	22/02/2017	23.3	32	12.2	14
18.683	12.917	23/02/2017	23.4	32	15.6	14
18.683	12.917	24/02/2017	24.1	31.2	13	14
18.683	12.917	25/02/2017	23.3	32.3	13.6	14
18.683	12.917	26/02/2017	21.7	32.7	8.5	14
18.683	12.917	27/02/2017	22.1	37.4	8.3	14
18.683	12.917	28/02/2017	28.2	35	16.2	14
18.683	12.917	01/03/2017	26.2	33	16.3	14
18.683	12.917	02/03/2017	24.3	31.6	16.4	14
18.683	12.917	03/03/2017	23.6	32.5	15	14
18.683	12.917	04/03/2017	25.3	34.3	11.6	14
18.683	12.917	05/03/2017	24.2	35	14.5	14
18.683	12.917	06/03/2017	28.3	35.6	18.2	14
18.683	12.917	07/03/2017	27.4	35	14	14
18.683	12.917	08/03/2017	24.4	34	12	14
18.683	12.917	09/03/2017	25.9	31	16.5	14
18.683	12.917	10/03/2017	22.8	28.5	15.5	14
18.683	12.917	11/03/2017	20.4	30.5	11	14
18.683	12.917	12/03/2017	19.4	31.4	6.5	14
18.683	12.917	13/03/2017	23.9	32.6	15.5	14
18.683	12.917	14/03/2017	23.5	33.5	10.6	14
18.683	12.917	15/03/2017	25.7	34.3	10.7	14
18.683	12.917	16/03/2017	23.1	34.8	7.2	14
18.683	12.917	17/03/2017	26.2	37.6	11.2	14
18.683	12.917	18/03/2017	25.9	32.3	19.5	14
18.683	12.917	19/03/2017	25.1	32.6	17	14
18.683	12.917	20/03/2017	25.6	34.5	13.5	14
18.683	12.917	21/03/2017	27.2	36	18.7	14
18.683	12.917	22/03/2017	27.8	36.5	17.6	14
18.683	12.917	23/03/2017	26.9	33.3	19.7	14
18.683	12.917	24/03/2017	28.8	36.5	22	14
18.683	12.917	25/03/2017	29.9	35.5	21.5	14
18.683	12.917	26/03/2017	27.2	35.1	17.55	14
18.683	12.917	27/03/2017	25.1	35.5	13.6	14
18.683	12.917	28/03/2017	26.1	37.3	11	14
18.683	12.917	29/03/2017	30.6	38.1	20	14
18.683	12.917	30/03/2017	28.4	39	15	14
18.683	12.917	31/03/2017	28.4	36.5	22.8	14
18.683	12.917	01/04/2017	25.4	32.5	20	14
18.683	12.917	02/04/2017	23.8	33.3	15.8	14
18.683	12.917	03/04/2017	23.7	36	11.6	14
18.683	12.917	04/04/2017	25.7	38	10.5	14
18.683	12.917	05/04/2017	28.7	37.2	15.8	14
18.683	12.917	06/04/2017	29.9	40.3	20	14
18.683	12.917	07/04/2017	31.7	41.4	18	14
18.683	12.917	08/04/2017	35.7	42	30	14
18.683	12.917	09/04/2017	35.7	40.6	31.6	14
18.683	12.917	10/04/2017	34.1	43	26.6	14
18.683	12.917	11/04/2017	28.8	35.2	23.8	14
18.683	12.917	12/04/2017	27.2	32.7	21	14
18.683	12.917	13/04/2017	25.8	30.8	20	14
18.683	12.917	14/04/2017	27.6	32.3	20	14
18.683	12.917	15/04/2017	24.8	33.8	16.7	14
18.683	12.917	16/04/2017	27.5	34.8	16	14
18.683	12.917	17/04/2017	28.8	36.65	13.5	14
18.683	12.917	18/04/2017	27.2	36.65	11	14
18.683	12.917	19/04/2017	29.6	38.5	14.5	14
18.683	12.917	20/04/2017	30.6	38.8	19	14
18.683	12.917	21/04/2017	28.3	39.7	14.4	14
18.683	12.917	22/04/2017	28.7	41.5	12.6	14
18.683	12.917	23/04/2017	31.3	40.7	18.5	14
18.683	12.917	24/04/2017	31.8	41.3	19.5	14
18.683	12.917	25/04/2017	32.3	41.2	24.2	14
18.683	12.917	26/04/2017	33.1	41.8	22.5	14
18.683	12.917	27/04/2017	34.3	43.3	22.7	14
18.683	12.917	28/04/2017	34.5	44	25.4	14
18.683	12.917	29/04/2017	33.1	44.5	20.8	14
18.683	12.917	30/04/2017	31.8	44.6	21.7	14
18.683	12.917	01/05/2017	32.2	44.3	18.3	14
18.683	12.917	02/05/2017	32.9	44.5	19.8	14
18.683	12.917	03/05/2017	34.7	44.65	20.5	14
18.683	12.917	04/05/2017	34.9	44.8	21.2	14
18.683	12.917	05/05/2017	34.9	44.3	25	14
18.683	12.917	06/05/2017	36.4	43.3	25	14
18.683	12.917	07/05/2017	35.9	43.5	23.5	14
18.683	12.917	08/05/2017	32.9	43.6	20	14
18.683	12.917	09/05/2017	35.4	43.8	20.2	14
18.683	12.917	10/05/2017	32.7	43.3	21	14
18.683	12.917	11/05/2017	35.1	43.7	23	14
18.683	12.917	12/05/2017	35.1	44.6	22.2	14
18.683	12.917	13/05/2017	33.4	42.5	21.4	14
18.683	12.917	14/05/2017	35.9	43.2	20.6	14
18.683	12.917	15/05/2017	32.9	41.7	20.6	14
18.683	12.917	16/05/2017	32.3	42.7	19.6	14
18.683	12.917	17/05/2017	31.3	42.6	18.5	14
18.683	12.917	18/05/2017	32.6	43.4	21.6	14
18.683	12.917	19/05/2017	34.3	43.7	21.2	14
18.683	12.917	20/05/2017	36.7	43.8	25	14
18.683	12.917	21/05/2017	36.1	43.2	28.5	14
18.683	12.917	22/05/2017	35.2	42.2	27.85	14
18.683	12.917	23/05/2017	35.6	41.7	27.2	14
18.683	12.917	24/05/2017	32.1	42.2	20	14
18.683	12.917	25/05/2017	33.8	43	20	14
18.683	12.917	26/05/2017	34.3	44	22.2	14
18.683	12.917	27/05/2017	34.2	45.3	21.5	14
18.683	12.917	28/05/2017	34.7	44.15	22.8	14
18.683	12.917	29/05/2017	34.9	43	25.6	14
18.683	12.917	30/05/2017	36.2	45.2	26.3	14
18.683	12.917	31/05/2017	34.8	44.6	25	14
18.683	12.917	01/06/2017	36.1	46.5	23.5	14
18.683	12.917	02/06/2017	37.4	46	26.4	14
18.683	12.917	03/06/2017	37.7	45.5	29	14
18.683	12.917	04/06/2017	36.9	41.3	31	14
18.683	12.917	05/06/2017	34.9	40.8	29.2	14
18.683	12.917	06/06/2017	35.9	42.8	28.8	14
18.683	12.917	07/06/2017	34.4	41.4	28.1	14
18.683	12.917	08/06/2017	33.7	43	25.5	14
18.683	12.917	09/06/2017	36.3	44.5	25.6	14
18.683	12.917	10/06/2017	38.6	44.8	29.7	14
18.683	12.917	11/06/2017	38.7	46	28.7	14
18.683	12.917	12/06/2017	38	45.5	29.3	14
18.683	12.917	13/06/2017	35.8	39.7	34	14
18.683	12.917	14/06/2017	35.2	42.5	28.9	14
18.683	12.917	15/06/2017	35.6	43.5	29.5	14
18.683	12.917	16/06/2017	37.7	44.5	28.2	14
18.683	12.917	17/06/2017	36.9	44	30.5	14
18.683	12.917	18/06/2017	37.2	43.8	31.6	14
18.683	12.917	19/06/2017	36.8	44.5	31.2	14
18.683	12.917	20/06/2017	37.8	44.7	30.5	14
18.683	12.917	21/06/2017	37.6	44.6	29.2	14
18.683	12.917	22/06/2017	38.2	44.5	28.8	14
18.683	12.917	23/06/2017	36.8	42.5	31.5	14
18.683	12.917	24/06/2017	35.4	42.5	29.35	14
18.683	12.917	25/06/2017	35.5	43	27.2	14
18.683	12.917	26/06/2017	35.4	43.65	28	14
18.683	12.917	27/06/2017	35.1	44.3	22.5	14
18.683	12.917	28/06/2017	36.6	44	24.4	14
18.683	12.917	29/06/2017	36.9	44.3	23.5	14
18.683	12.917	30/06/2017	38.1	44.6	24.3	14
18.683	12.917	01/07/2017	36	46.3	25	14
18.683	12.917	02/07/2017	36.8	45.3	29	14
18.683	12.917	03/07/2017	36.2	43	30	14
18.683	12.917	04/07/2017	35.8	45.5	25.6	14
18.683	12.917	05/07/2017	36.9	44.3	26.6	14
18.683	12.917	06/07/2017	36.1	43.5	30	14
18.683	12.917	07/07/2017	35.7	43.4	27.6	14
18.683	12.917	08/07/2017	36.5	43.5	27.5	14
18.683	12.917	09/07/2017	34.1	39.3	27.8	14
18.683	12.917	10/07/2017	33.7	38.6	27.8	14
18.683	12.917	11/07/2017	33.3	39	28	14
18.683	12.917	12/07/2017	33.7	39.7	30	14
18.683	12.917	13/07/2017	34.3	41.8	26.5	14
18.683	12.917	14/07/2017	34.2	43.5	23.5	14
18.683	12.917	15/07/2017	34.3	43.6	21.2	14
18.683	12.917	16/07/2017	37.2	44.4	22.5	14
18.683	12.917	17/07/2017	36.7	43	29	14
18.683	12.917	18/07/2017	32.6	36.8	27.8	14
18.683	12.917	19/07/2017	33.8	41	26.4	14
18.683	12.917	20/07/2017	36.2	43.7	28	14
18.683	12.917	21/07/2017	36.6	43.8	27.6	14
18.683	12.917	22/07/2017	34.9	43.6	22.5	14
18.683	12.917	23/07/2017	35.7	42	28	14
18.683	12.917	24/07/2017	35.3	42.5	24.7	14
18.683	12.917	25/07/2017	32.4	42	21.4	14
18.683	12.917	26/07/2017	36.4	42.4	25.2	14
18.683	12.917	27/07/2017	33.8	43.7	26.7	14
18.683	12.917	28/07/2017	37	45.5	28	14
18.683	12.917	29/07/2017	35.1	44.2	25	14
18.683	12.917	30/07/2017	34.4	46	22.5	14
18.683	12.917	31/07/2017	36.4	47	25	14
18.683	12.917	01/08/2017	37.1	42.4	30	14
18.683	12.917	02/08/2017	36.3	42.5	30.2	14
18.683	12.917	03/08/2017	38.1	44.5	26.6	14
18.683	12.917	04/08/2017	38.6	43	30.2	14
18.683	12.917	05/08/2017	34.9	39.8	30.5	14
18.683	12.917	06/08/2017	36.2	43	28	14
18.683	12.917	07/08/2017	33.5	40.8	28.6	14
18.683	12.917	08/08/2017	33.7	40.5	28.6	14
18.683	12.917	09/08/2017	35.9	42	29.2	14
18.683	12.917	10/08/2017	34.9	43.2	26.5	14
18.683	12.917	11/08/2017	35.6	44.6	24	14
18.683	12.917	12/08/2017	35.6	45	25	14
18.683	12.917	13/08/2017	34.8	44	26.2	14
18.683	12.917	14/08/2017	35.2	43	27	14
18.683	12.917	15/08/2017	37.1	42.3	30.5	14
18.683	12.917	16/08/2017	35.5	41.6	29.25	14
18.683	12.917	17/08/2017	35.6	42.5	28	14
18.683	12.917	18/08/2017	33.2	38	26.8	14
18.683	12.917	19/08/2017	32.3	38.4	29	14
18.683	12.917	20/08/2017	33.7	40.6	25.6	14
18.683	12.917	21/08/2017	35.7	42.5	26	14
18.683	12.917	22/08/2017	29.6	32	25.35	14
18.683	12.917	23/08/2017	32.8	41	24.7	14
18.683	12.917	24/08/2017	34.8	43.1	24	14
18.683	12.917	25/08/2017	37.2	42.7	32	14
18.683	12.917	26/08/2017	35.6	43	26.75	14
18.683	12.917	27/08/2017	32.7	43	21.5	14
18.683	12.917	28/08/2017	36	43.2	22	14
18.683	12.917	29/08/2017	33.7	41.3	27.4	14
18.683	12.917	30/08/2017	32.1	39.3	25	14
18.683	12.917	31/08/2017	32.8	39.7	25.5	14
18.683	12.917	01/09/2017	33.8	42	25.7	14
18.683	12.917	02/09/2017	34.4	42.8	24.4	14
18.683	12.917	03/09/2017	34.7	42.4	23.4	14
18.683	12.917	04/09/2017	32.9	42.2	23	14
18.683	12.917	05/09/2017	32.6	42.5	22.6	14
18.683	12.917	06/09/2017	32.2	42.5	19	14
18.683	12.917	07/09/2017	32.8	41.7	21.2	14
18.683	12.917	08/09/2017	31.3	42.2	19.2	14
18.683	12.917	09/09/2017	32.6	43.2	20.2	14
18.683	12.917	10/09/2017	29.4	43.7	18.6	14
18.683	12.917	11/09/2017	33.8	44	23.6	14
18.683	12.917	12/09/2017	36.3	43.8	22.5	14
18.683	12.917	13/09/2017	35.3	42.8	26	14
18.683	12.917	14/09/2017	34.8	43.3	23	14
18.683	12.917	15/09/2017	34.6	41.5	27.5	14
18.683	12.917	16/09/2017	37.6	42.5	26.25	14
18.683	12.917	17/09/2017	37.3	42.6	25	14
18.683	12.917	18/09/2017	36.7	43.5	30.6	14
18.683	12.917	19/09/2017	34.5	42.2	26.1	14
18.683	12.917	20/09/2017	32.7	40.5	24	14
18.683	12.917	21/09/2017	30.9	44	21.5	14
18.683	12.917	22/09/2017	28.2	42.5	20.2	14
18.683	12.917	23/09/2017	31.7	41.7	21	14
18.683	12.917	24/09/2017	33.7	42.7	22.5	14
18.683	12.917	25/09/2017	33.6	42.2	24.5	14
18.683	12.917	26/09/2017	31.1	41	19.5	14
18.683	12.917	27/09/2017	32	41.7	19	14
18.683	12.917	28/09/2017	30.1	42.5	17.5	14
18.683	12.917	29/09/2017	31.4	42.4	18	14
18.683	12.917	30/09/2017	31.7	41.5	18.7	14
18.683	12.917	01/10/2017	31.7	42.6	20	14
18.683	12.917	02/10/2017	32.9	42.7	21	14
18.683	12.917	03/10/2017	34.6	42.5	22.5	14
18.683	12.917	04/10/2017	33.3	42.2	22.2	14
18.683	12.917	05/10/2017	29.8	40.8	22.3	14
18.683	12.917	06/10/2017	32.8	40.9	23.7	14
18.683	12.917	07/10/2017	33	41.3	24.5	14
18.683	12.917	08/10/2017	31.3	41.2	18.5	14
18.683	12.917	09/10/2017	31.1	41.3	18.1	14
18.683	12.917	10/10/2017	33.2	41	21.3	14
18.683	12.917	11/10/2017	32.8	40.4	25	14
18.683	12.917	12/10/2017	28.8	38.2	19.5	14
18.683	12.917	13/10/2017	27.8	36.6	20	14
18.683	12.917	14/10/2017	30.3	35.2	20.6	14
18.683	12.917	15/10/2017	29.3	34.2	23.5	14
18.683	12.917	16/10/2017	26.8	34.5	21.05	14
18.683	12.917	17/10/2017	26.4	33.7	18.6	14
18.683	12.917	18/10/2017	25.8	33.5	17.5	14
18.683	12.917	19/10/2017	23.7	34.8	10.5	14
18.683	12.917	20/10/2017	23.7	35.3	11	14
18.683	12.917	21/10/2017	24.1	36	11.5	14
18.683	12.917	22/10/2017	25.1	36.5	11.5	14
18.683	12.917	23/10/2017	28.6	36	20.6	14
18.683	12.917	24/10/2017	28.3	35.5	17.2	14
18.683	12.917	25/10/2017	28.8	34.2	21	14
18.683	12.917	26/10/2017	25.7	30.6	21	14
18.683	12.917	27/10/2017	25.5	31.5	19.6	14
18.683	12.917	28/10/2017	24.6	32.5	19.5	14
18.683	12.917	29/10/2017	23.2	33.8	11	14
18.683	12.917	30/10/2017	23.7	34	12.5	14
18.683	12.917	31/10/2017	23.7	33.5	10.6	14
18.683	12.917	01/11/2017	22.4	33.3	9.5	14
18.683	12.917	02/11/2017	24.3	33.7	15	14
18.683	12.917	03/11/2017	24.1	33	14.7	14
18.683	12.917	04/11/2017	21.8	32.9	11	14
18.683	12.917	05/11/2017	22.7	31.5	12.3	14
18.683	12.917	06/11/2017	21.4	31.5	11.5	14
18.683	12.917	07/11/2017	20.6	32.5	8.6	14
18.683	12.917	08/11/2017	20.8	32.3	7.5	14
18.683	12.917	09/11/2017	21.5	31.6	9.2	14
18.683	12.917	10/11/2017	21	32.2	9.5	14
18.683	12.917	11/11/2017	20.9	32.1	8.5	14
18.683	12.917	12/11/2017	21.7	31.2	11.2	14
18.683	12.917	13/11/2017	24.6	31.4	15	14
18.683	12.917	14/11/2017	21.4	33.6	9.6	14
18.683	12.917	15/11/2017	21.8	34.3	7.5	14
18.683	12.917	16/11/2017	24.9	31.7	11.5	14
18.683	12.917	17/11/2017	24.8	32	20.2	14
18.683	12.917	18/11/2017	26.4	32	18.3	14
18.683	12.917	19/11/2017	26.3	31.3	20.5	14
18.683	12.917	20/11/2017	26.2	32.5	20.3	14
18.683	12.917	21/11/2017	22.4	31.7	16.7	14
18.683	12.917	22/11/2017	22.9	30	15	14
18.683	12.917	23/11/2017	20.3	30	10	14
18.683	12.917	24/11/2017	19.9	30.4	9	14
18.683	12.917	25/11/2017	21.3	31	9.5	14
18.683	12.917	26/11/2017	21.8	31	10.4	14
18.683	12.917	27/11/2017	21	30.7	13	14
18.683	12.917	28/11/2017	18.5	30	6.7	14
18.683	12.917	29/11/2017	18.2	29.6	6.6	14
18.683	12.917	30/11/2017	18.2	30.8	4.8	14
18.683	12.917	01/12/2017	17.4	30.4	4.5	14
18.683	12.917	02/12/2017	18.1	30.6	5.7	14
18.683	12.917	03/12/2017	18.2	31.1	5.5	14
18.683	12.917	04/12/2017	18.1	30.5	7.5	14
18.683	12.917	05/12/2017	21.4	29.3	11.5	14
18.683	12.917	06/12/2017	21.7	26.7	15.5	14
18.683	12.917	07/12/2017	20.2	25.3	14	14
18.683	12.917	08/12/2017	17.4	22.5	12	14
18.683	12.917	09/12/2017	18.1	21.7	12.3	14
18.683	12.917	10/12/2017	17.2	24.6	8.85	14
18.683	12.917	11/12/2017	14.3	26.4	5.4	14
18.683	12.917	12/12/2017	17.3	28.2	9.2	14
18.683	12.917	13/12/2017	23.7	31.2	13	14
18.683	12.917	14/12/2017	23.3	29.5	17	14
18.683	12.917	15/12/2017	21.8	28.6	17	14
18.683	12.917	16/12/2017	20.5	30.5	11.6	14
18.683	12.917	17/12/2017	19.2	32.5	7	14
18.683	12.917	18/12/2017	20.8	30.5	7	14
18.683	12.917	19/12/2017	17.6	30.1	4.5	14
18.683	12.917	20/12/2017	19.1	31.8	7.4	14
18.683	12.917	21/12/2017	22.4	33.7	9.7	14
18.683	12.917	22/12/2017	18.7	22	15.5	14
18.683	12.917	23/12/2017	16.3	20.6	12.2	14
18.683	12.917	24/12/2017	16.6	21.6	11	14
18.683	12.917	25/12/2017	17.1	23.7	12	14
18.683	12.917	26/12/2017	16.7	25.3	7	14
18.683	12.917	27/12/2017	16.7	25.2	7.2	14
18.683	12.917	28/12/2017	17.4	25.5	7.5	14
18.683	12.917	29/12/2017	18.3	25.7	6.5	14
18.683	12.917	30/12/2017	19.3	25.7	10.3	14
18.683	12.917	31/12/2017	19.2	25.2	13.5	14
