LATITUDE	LONGITUDE	Date	Tavg	Tmax	Tmin	Rainfall
13.373	12.627	01/01/2017	20.8	28.5	13.55	306
13.373	12.627	02/01/2017	20.6	28.5	13.5	306
13.373	12.627	03/01/2017	22.3	29.6	16	306
13.373	12.627	04/01/2017	21.6	30	14	306
13.373	12.627	05/01/2017	20.8	29.2	15.5	306
13.373	12.627	06/01/2017	22.9	31.5	15	306
13.373	12.627	07/01/2017	22.6	30.5	15.4	306
13.373	12.627	08/01/2017	22.2	28.5	17	306
13.373	12.627	09/01/2017	19.4	26.5	13.9	306
13.373	12.627	10/01/2017	18.7	28.3	12	306
13.373	12.627	11/01/2017	20.2	31.1	10.4	306
13.373	12.627	12/01/2017	22.1	34	13	306
13.373	12.627	13/01/2017	23.9	35	15	306
13.373	12.627	14/01/2017	21.9	28	17	306
13.373	12.627	15/01/2017	20.1	29.2	12	306
13.373	12.627	16/01/2017	20.8	30.8	14.5	306
13.373	12.627	17/01/2017	22	33	12	306
13.373	12.627	18/01/2017	23.1	35	15	306
13.373	12.627	19/01/2017	25.2	36.5	15.4	306
13.373	12.627	20/01/2017	25.7	35.5	19	306
13.373	12.627	21/01/2017	24.8	38	13.7	306
13.373	12.627	22/01/2017	25.3	39.3	14	306
13.373	12.627	23/01/2017	26.6	39.5	16	306
13.373	12.627	24/01/2017	27.2	37.6	17.5	306
13.373	12.627	25/01/2017	27	35.7	18.6	306
13.373	12.627	26/01/2017	26.2	33	19.5	306
13.373	12.627	27/01/2017	24.9	31.8	19.3	306
13.373	12.627	28/01/2017	24.8	32.2	19	306
13.373	12.627	29/01/2017	23.2	31.5	16	306
13.373	12.627	30/01/2017	23.4	31.6	16	306
13.373	12.627	31/01/2017	22.9	32	14.6	306
13.373	12.627	01/02/2017	24.2	31.8	17	306
13.373	12.627	02/02/2017	23.8	31.2	17.1	306
13.373	12.627	03/02/2017	22.6	31.6	15	306
13.373	12.627	04/02/2017	23.3	31.6	15	306
13.373	12.627	05/02/2017	23.6	32	14.7	306
13.373	12.627	06/02/2017	24.7	32.6	17.9	306
13.373	12.627	07/02/2017	24.4	32.3	16	306
13.373	12.627	08/02/2017	23.2	32	12.6	306
13.373	12.627	09/02/2017	24.4	31.7	17.9	306
13.373	12.627	10/02/2017	23.7	32.5	15.3	306
13.373	12.627	11/02/2017	23.9	33	16	306
13.373	12.627	12/02/2017	25.2	32.8	16.7	306
13.373	12.627	13/02/2017	24.4	31.5	19	306
13.373	12.627	14/02/2017	22.6	30	17	306
13.373	12.627	15/02/2017	23.7	29	16.8	306
13.373	12.627	16/02/2017	23.2	29.6	16.5	306
13.373	12.627	17/02/2017	21.7	28	15.5	306
13.373	12.627	18/02/2017	20.9	28	13.8	306
13.373	12.627	19/02/2017	20.6	29	12.5	306
13.373	12.627	20/02/2017	22.5	30.5	13.8	306
13.373	12.627	21/02/2017	23.9	31.75	13.8	306
13.373	12.627	22/02/2017	25.3	33	18	306
13.373	12.627	23/02/2017	25.7	34	18	306
13.373	12.627	24/02/2017	25.3	33	18	306
13.373	12.627	25/02/2017	23.8	33.9	16	306
13.373	12.627	26/02/2017	23.8	35	12.2	306
13.373	12.627	27/02/2017	24.9	37	15	306
13.373	12.627	28/02/2017	25.1	38.8	13.7	306
13.373	12.627	01/03/2017	28.2	39.2	18	306
13.373	12.627	02/03/2017	28.7	38.5	20	306
13.373	12.627	03/03/2017	26.9	37	19.2	306
13.373	12.627	04/03/2017	25.4	37.5	14	306
13.373	12.627	05/03/2017	25.8	39.3	15	306
13.373	12.627	06/03/2017	29.6	40.5	20.1	306
13.373	12.627	07/03/2017	30.6	37.7	21	306
13.373	12.627	08/03/2017	29	37.3	20.5	306
13.373	12.627	09/03/2017	28.3	36	20.2	306
13.373	12.627	10/03/2017	25.5	33	17.6	306
13.373	12.627	11/03/2017	24.4	34.2	15	306
13.373	12.627	12/03/2017	25.3	34.5	19	306
13.373	12.627	13/03/2017	27.2	36.2	19.5	306
13.373	12.627	14/03/2017	28.8	36	22.9	306
13.373	12.627	15/03/2017	27	35.4	15.4	306
13.373	12.627	16/03/2017	25.1	37	13.3	306
13.373	12.627	17/03/2017	27.4	39.6	17	306
13.373	12.627	18/03/2017	28.4	40.5	15.2	306
13.373	12.627	19/03/2017	29.7	36	22.8	306
13.373	12.627	20/03/2017	27.7	36.5	18	306
13.373	12.627	21/03/2017	28.6	39	19	306
13.373	12.627	22/03/2017	29.6	42.5	17.7	306
13.373	12.627	23/03/2017	30.1	41.5	18.4	306
13.373	12.627	24/03/2017	32.1	41.5	24	306
13.373	12.627	25/03/2017	32.1	41.3	22.6	306
13.373	12.627	26/03/2017	30.3	38	23	306
13.373	12.627	27/03/2017	28.3	37.3	18.6	306
13.373	12.627	28/03/2017	28.9	39	18	306
13.373	12.627	29/03/2017	29.8	40.2	18.3	306
13.373	12.627	30/03/2017	31.4	41.7	22	306
13.373	12.627	31/03/2017	31.8	41.5	21	306
13.373	12.627	01/04/2017	30.8	38	25	306
13.373	12.627	02/04/2017	30.9	38.2	24	306
13.373	12.627	03/04/2017	31.8	38.8	27	306
13.373	12.627	04/04/2017	31.9	41	22.9	306
13.373	12.627	05/04/2017	32.1	41.6	22	306
13.373	12.627	06/04/2017	33.7	41.2	27.5	306
13.373	12.627	07/04/2017	33.9	43.5	25.5	306
13.373	12.627	08/04/2017	36.5	43.8	30	306
13.373	12.627	09/04/2017	35.7	44.5	29	306
13.373	12.627	10/04/2017	35.1	45.5	28	306
13.373	12.627	11/04/2017	35.2	44	26	306
13.373	12.627	12/04/2017	33.1	40.3	24.5	306
13.373	12.627	13/04/2017	32.2	38.8	26	306
13.373	12.627	14/04/2017	31	37.3	24.25	306
13.373	12.627	15/04/2017	29.1	35	24.25	306
13.373	12.627	16/04/2017	30.5	38.6	22.5	306
13.373	12.627	17/04/2017	32.1	39.5	26	306
13.373	12.627	18/04/2017	32.6	40.8	26	306
13.373	12.627	19/04/2017	31.8	40.7	23.6	306
13.373	12.627	20/04/2017	33.2	40.8	26	306
13.373	12.627	21/04/2017	33.8	43	24	306
13.373	12.627	22/04/2017	33.1	43.7	22	306
13.373	12.627	23/04/2017	32.9	43.7	22	306
13.373	12.627	24/04/2017	33.9	42.7	26.5	306
13.373	12.627	25/04/2017	34.5	43.8	26	306
13.373	12.627	26/04/2017	34.8	43.4	27.5	306
13.373	12.627	27/04/2017	34.9	43.1	28	306
13.373	12.627	28/04/2017	33.3	43.4	23.5	306
13.373	12.627	29/04/2017	32.1	43.8	22	306
13.373	12.627	30/04/2017	33.4	45	22.5	306
13.373	12.627	01/05/2017	33.3	44	23.4	306
13.373	12.627	02/05/2017	34	44.2	25.5	306
13.373	12.627	03/05/2017	34.5	44.3	27	306
13.373	12.627	04/05/2017	35.1	42.3	28.5	306
13.373	12.627	05/05/2017	35.1	44.5	26.75	306
13.373	12.627	06/05/2017	34.2	44	25	306
13.373	12.627	07/05/2017	34.4	43.2	26	306
13.373	12.627	08/05/2017	34.7	44.8	25.5	306
13.373	12.627	09/05/2017	33.4	39.8	27.4	306
13.373	12.627	10/05/2017	35.6	42	28.5	306
13.373	12.627	11/05/2017	34.1	42.8	25.5	306
13.373	12.627	12/05/2017	35.4	45	26	306
13.373	12.627	13/05/2017	34.7	45	24.5	306
13.373	12.627	14/05/2017	33.9	44	23.5	306
13.373	12.627	15/05/2017	34.4	42	27.3	306
13.373	12.627	16/05/2017	32.9	41	25.6	306
13.373	12.627	17/05/2017	34.4	42.5	28	306
13.373	12.627	18/05/2017	34.8	42	28.75	306
13.373	12.627	19/05/2017	35	42.6	29.5	306
13.373	12.627	20/05/2017	35.7	42.5	27.1	306
13.373	12.627	21/05/2017	34.7	43	27.05	306
13.373	12.627	22/05/2017	34	43	27	306
13.373	12.627	23/05/2017	32.8	42.6	22.5	306
13.373	12.627	24/05/2017	32.7	42	25.4	306
13.373	12.627	25/05/2017	30.9	37	23.1	306
13.373	12.627	26/05/2017	33.8	42	24.05	306
13.373	12.627	27/05/2017	32.1	41.4	25	306
13.373	12.627	28/05/2017	34.3	44.4	26	306
13.373	12.627	29/05/2017	35.3	45	27.8	306
13.373	12.627	30/05/2017	35.3	42.2	30	306
13.373	12.627	31/05/2017	31.1	36.2	27	306
13.373	12.627	01/06/2017	33.4	41.4	27.5	306
13.373	12.627	02/06/2017	34	43	28.6	306
13.373	12.627	03/06/2017	32	41	26.9	306
13.373	12.627	04/06/2017	30.9	38.5	24.6	306
13.373	12.627	05/06/2017	33.2	40.5	27.7	306
13.373	12.627	06/06/2017	33.9	42	28.2	306
13.373	12.627	07/06/2017	29.9	34.8	27	306
13.373	12.627	08/06/2017	31.5	39.5	25.4	306
13.373	12.627	09/06/2017	36.3	43.5	29.2	306
13.373	12.627	10/06/2017	35.9	44	29.2	306
13.373	12.627	11/06/2017	34.6	41.2	29.6	306
13.373	12.627	12/06/2017	33.8	41	26.3	306
13.373	12.627	13/06/2017	25.6	28	23	306
13.373	12.627	14/06/2017	28.9	35	24.75	306
13.373	12.627	15/06/2017	32.8	39.6	26.5	306
13.373	12.627	16/06/2017	36.2	44.6	29.8	306
13.373	12.627	17/06/2017	30.6	35.1	26.5	306
13.373	12.627	18/06/2017	30.9	38.5	26.1	306
13.373	12.627	19/06/2017	32.8	39.6	27.6	306
13.373	12.627	20/06/2017	33.2	39	29	306
13.373	12.627	21/06/2017	26.8	37.1	19	306
13.373	12.627	22/06/2017	28.3	35.2	23	306
13.373	12.627	23/06/2017	29.2	38.8	24.5	306
13.373	12.627	24/06/2017	29.3	35	24.8	306
13.373	12.627	25/06/2017	31.7	37.8	26.35	306
13.373	12.627	26/06/2017	31.2	39.7	27.9	306
13.373	12.627	27/06/2017	34.2	41.6	27.7	306
13.373	12.627	28/06/2017	31.4	36.4	26.5	306
13.373	12.627	29/06/2017	32.9	39.2	27	306
13.373	12.627	30/06/2017	34.4	41	29	306
13.373	12.627	01/07/2017	32.2	37.5	28.1	306
13.373	12.627	02/07/2017	31.7	37.5	26.2	306
13.373	12.627	03/07/2017	32.8	40	27.1	306
13.373	12.627	04/07/2017	33.7	39.5	28	306
13.373	12.627	05/07/2017	30.4	38.35	26.5	306
13.373	12.627	06/07/2017	30.9	37.2	25	306
13.373	12.627	07/07/2017	32.8	35.9	25.7	306
13.373	12.627	08/07/2017	27.3	34.6	23.35	306
13.373	12.627	09/07/2017	26.8	32	21	306
13.373	12.627	10/07/2017	27.9	33	23.1	306
13.373	12.627	11/07/2017	30.1	35.3	24.7	306
13.373	12.627	12/07/2017	32.6	37	25.7	306
13.373	12.627	13/07/2017	31.3	38	25	306
13.373	12.627	14/07/2017	29	34.5	23.4	306
13.373	12.627	15/07/2017	28.2	32	24.7	306
13.373	12.627	16/07/2017	31.1	37	25.8	306
13.373	12.627	17/07/2017	30.9	37.2	26.3	306
13.373	12.627	18/07/2017	26.8	32	21.5	306
13.373	12.627	19/07/2017	29.5	35	24.5	306
13.373	12.627	20/07/2017	31.6	38	25.1	306
13.373	12.627	21/07/2017	32.5	39.5	24.6	306
13.373	12.627	22/07/2017	30.3	36.4	24.1	306
13.373	12.627	23/07/2017	31.8	37	26.7	306
13.373	12.627	24/07/2017	28.4	34.8	25.4	306
13.373	12.627	25/07/2017	29.1	44.9	24.1	306
13.373	12.627	26/07/2017	31.4	36.8	26.4	306
13.373	12.627	27/07/2017	27.3	32	22.3	306
13.373	12.627	28/07/2017	29.1	33.8	24	306
13.373	12.627	29/07/2017	29.6	35.6	23.6	306
13.373	12.627	30/07/2017	30.2	34.3	25.5	306
13.373	12.627	31/07/2017	28.7	32.2	25.9	306
13.373	12.627	01/08/2017	29.8	35.3	23.5	306
13.373	12.627	02/08/2017	31.2	36.2	25	306
13.373	12.627	03/08/2017	28.9	36.4	23.5	306
13.373	12.627	04/08/2017	27.6	33	22	306
13.373	12.627	05/08/2017	28.4	33.6	23.5	306
13.373	12.627	06/08/2017	28.3	34	23.45	306
13.373	12.627	07/08/2017	27.7	32.5	23.4	306
13.373	12.627	08/08/2017	29.6	33.8	25	306
13.373	12.627	09/08/2017	24.9	28.8	20.5	306
13.373	12.627	10/08/2017	29	33.8	23.8	306
13.373	12.627	11/08/2017	30.6	35.5	25.4	306
13.373	12.627	12/08/2017	29.9	35	24.9	306
13.373	12.627	13/08/2017	25.8	29.7	24.15	306
13.373	12.627	14/08/2017	27.8	33.1	23.4	306
13.373	12.627	15/08/2017	27.8	34.3	25.1	306
13.373	12.627	16/08/2017	29.4	35.5	24.05	306
13.373	12.627	17/08/2017	26.9	32	23	306
13.373	12.627	18/08/2017	26.2	30	22	306
13.373	12.627	19/08/2017	28.2	32.5	23.5	306
13.373	12.627	20/08/2017	28.2	35	22.8	306
13.373	12.627	21/08/2017	23.9	26	22.1	306
13.373	12.627	22/08/2017	25.4	32.5	21.55	306
13.373	12.627	23/08/2017	28.4	35	21	306
13.373	12.627	24/08/2017	30.6	38	25	306
13.373	12.627	25/08/2017	31	39	25.1	306
13.373	12.627	26/08/2017	29.6	34.8	25.1	306
13.373	12.627	27/08/2017	29.2	34	26.5	306
13.373	12.627	28/08/2017	29.9	36.8	25.5	306
13.373	12.627	29/08/2017	26.7	30.2	24.15	306
13.373	12.627	30/08/2017	25.7	30.5	22.8	306
13.373	12.627	31/08/2017	28.1	34.5	22.5	306
13.373	12.627	01/09/2017	30.2	38	24	306
13.373	12.627	02/09/2017	31.9	42	25.7	306
13.373	12.627	03/09/2017	30.8	37.7	25	306
13.373	12.627	04/09/2017	26.1	30.1	21.5	306
13.373	12.627	05/09/2017	27.4	35	23.25	306
13.373	12.627	06/09/2017	29.2	38.1	25	306
13.373	12.627	07/09/2017	29.7	38.1	23.6	306
13.373	12.627	08/09/2017	29.6	36	23.5	306
13.373	12.627	09/09/2017	29.8	39	23.5	306
13.373	12.627	10/09/2017	30.9	39.8	23.5	306
13.373	12.627	11/09/2017	31.2	40	23.4	306
13.373	12.627	12/09/2017	30.2	40.5	22.8	306
13.373	12.627	13/09/2017	29	37	22.2	306
13.373	12.627	14/09/2017	29.6	36	25.4	306
13.373	12.627	15/09/2017	26.6	34.5	25.3	306
13.373	12.627	16/09/2017	27.6	33.6	25.3	306
13.373	12.627	17/09/2017	29.4	35.6	25.2	306
13.373	12.627	18/09/2017	30.3	36.55	25.4	306
13.373	12.627	19/09/2017	30.8	37.5	25.6	306
13.373	12.627	20/09/2017	28.9	36.7	24.05	306
13.373	12.627	21/09/2017	29.3	37	22.5	306
13.373	12.627	22/09/2017	29.8	37.5	24.5	306
13.373	12.627	23/09/2017	30.8	38.5	24.4	306
13.373	12.627	24/09/2017	30	39.6	24	306
13.373	12.627	25/09/2017	31.2	40.2	25.2	306
13.373	12.627	26/09/2017	29.6	39	23.2	306
13.373	12.627	27/09/2017	29.3	38.6	21	306
13.373	12.627	28/09/2017	31.4	40.3	24.7	306
13.373	12.627	29/09/2017	31.4	42	23.9	306
13.373	12.627	30/09/2017	30.2	38.7	23.2	306
13.373	12.627	01/10/2017	30.7	41.6	23	306
13.373	12.627	02/10/2017	29.9	42.3	19.5	306
13.373	12.627	03/10/2017	30.8	40.5	22.4	306
13.373	12.627	04/10/2017	31.1	40.95	26.4	306
13.373	12.627	05/10/2017	30.7	41.4	25	306
13.373	12.627	06/10/2017	30.9	41.4	22	306
13.373	12.627	07/10/2017	31.7	41.2	22.5	306
13.373	12.627	08/10/2017	29.9	41	22	306
13.373	12.627	09/10/2017	29.1	41.3	17.2	306
13.373	12.627	10/10/2017	30.2	42	18.9	306
13.373	12.627	11/10/2017	33	41.3	26.5	306
13.373	12.627	12/10/2017	30.4	39.3	22.9	306
13.373	12.627	13/10/2017	29.3	39	20.9	306
13.373	12.627	14/10/2017	29.8	38	21.7	306
13.373	12.627	15/10/2017	31.1	37.8	20.5	306
13.373	12.627	16/10/2017	31.3	38.4	25	306
13.373	12.627	17/10/2017	31.1	37.5	24.6	306
13.373	12.627	18/10/2017	29.5	37.3	24	306
13.373	12.627	19/10/2017	29.4	38.4	22.6	306
13.373	12.627	20/10/2017	27.9	38.5	19	306
13.373	12.627	21/10/2017	29.8	39.5	21.9	306
13.373	12.627	22/10/2017	29.1	39.8	19.5	306
13.373	12.627	23/10/2017	28.2	40.1	16.5	306
13.373	12.627	24/10/2017	29.7	39.5	19	306
13.373	12.627	25/10/2017	27.6	39.1	18	306
13.373	12.627	26/10/2017	29.1	36.5	19.5	306
13.373	12.627	27/10/2017	28.5	36.8	20.6	306
13.373	12.627	28/10/2017	30.2	38.4	24.7	306
13.373	12.627	29/10/2017	29.7	37.5	23.5	306
13.373	12.627	30/10/2017	28.5	37.5	21.75	306
13.373	12.627	31/10/2017	28.8	37.1	20	306
13.373	12.627	01/11/2017	28.7	37.6	20	306
13.373	12.627	02/11/2017	28.1	37.7	19.8	306
13.373	12.627	03/11/2017	28.6	37.5	21.5	306
13.373	12.627	04/11/2017	26.8	35.5	20.2	306
13.373	12.627	05/11/2017	26.9	35.3	18.9	306
13.373	12.627	06/11/2017	25	35	17.2	306
13.373	12.627	07/11/2017	25.8	35.5	16.5	306
13.373	12.627	08/11/2017	26.2	36	18.7	306
13.373	12.627	09/11/2017	26.7	36	19.5	306
13.373	12.627	10/11/2017	25.6	34.5	17.5	306
13.373	12.627	11/11/2017	24.6	35	16.5	306
13.373	12.627	12/11/2017	23.8	36.3	14.4	306
13.373	12.627	13/11/2017	24.8	35	15.6	306
13.373	12.627	14/11/2017	26.8	38	17.5	306
13.373	12.627	15/11/2017	28.3	39.5	17.5	306
13.373	12.627	16/11/2017	28.1	39.2	19.5	306
13.373	12.627	17/11/2017	29.2	39.8	19.9	306
13.373	12.627	18/11/2017	28.7	39.8	20.6	306
13.373	12.627	19/11/2017	28.7	39.1	20	306
13.373	12.627	20/11/2017	28.9	38.5	20.8	306
13.373	12.627	21/11/2017	26.7	37	19	306
13.373	12.627	22/11/2017	26.2	35.5	18.5	306
13.373	12.627	23/11/2017	24.1	33.5	17	306
13.373	12.627	24/11/2017	23.8	33	17.5	306
13.373	12.627	25/11/2017	23.5	34	15.5	306
13.373	12.627	26/11/2017	24.4	34.5	16	306
13.373	12.627	27/11/2017	24.9	35.5	16.9	306
13.373	12.627	28/11/2017	25.2	34.5	16.9	306
13.373	12.627	29/11/2017	24.6	34	15.5	306
13.373	12.627	30/11/2017	24.3	32.7	18	306
13.373	12.627	01/12/2017	24.6	33.9	16.6	306
13.373	12.627	02/12/2017	23.7	35	14	306
13.373	12.627	03/12/2017	25.3	34.5	15.8	306
13.373	12.627	04/12/2017	24.8	35.5	16.8	306
13.373	12.627	05/12/2017	24.4	33.8	17.1	306
13.373	12.627	06/12/2017	24.8	33.6	17.5	306
13.373	12.627	07/12/2017	24.1	29	19.5	306
13.373	12.627	08/12/2017	22.7	30	17.6	306
13.373	12.627	09/12/2017	22.2	29	16	306
13.373	12.627	10/12/2017	21	29.4	13	306
13.373	12.627	11/12/2017	21.2	31.6	14.1	306
13.373	12.627	12/12/2017	24.5	33.8	17.1	306
13.373	12.627	13/12/2017	26.4	35.7	17.7	306
13.373	12.627	14/12/2017	26.9	37.7	20.5	306
13.373	12.627	15/12/2017	25	33	17.7	306
13.373	12.627	16/12/2017	23.2	33	14.6	306
13.373	12.627	17/12/2017	22.9	34	14.6	306
13.373	12.627	18/12/2017	22.4	35.2	11.9	306
13.373	12.627	19/12/2017	24.4	37.1	14.5	306
13.373	12.627	20/12/2017	25.6	39	14.5	306
13.373	12.627	21/12/2017	25.9	39	14.5	306
13.373	12.627	22/12/2017	26.4	36.5	15.6	306
13.373	12.627	23/12/2017	22.6	28.8	16.9	306
13.373	12.627	24/12/2017	21	27	15.8	306
13.373	12.627	25/12/2017	22.1	27.5	18.2	306
13.373	12.627	26/12/2017	21.9	29.6	16.5	306
13.373	12.627	27/12/2017	21.8	30.3	15	306
13.373	12.627	28/12/2017	21.5	30	13.25	306
13.373	12.627	29/12/2017	21.3	29.5	11.5	306
13.373	12.627	30/12/2017	21.1	29.9	11.5	306
13.373	12.627	31/12/2017	22.9	29	16.5	306
