LATITUDE	LONGITUDE	Date	Tavg	Tmax	Tmin	Rainfall
13.983	10.3	01/01/2017	19.6	26.5	12.25	330
13.983	10.3	02/01/2017	19.3	27	11.5	330
13.983	10.3	03/01/2017	20.6	27.2	14	330
13.983	10.3	04/01/2017	20.2	27	14	330
13.983	10.3	05/01/2017	20.9	28	13.5	330
13.983	10.3	06/01/2017	22.2	31	13	330
13.983	10.3	07/01/2017	21.6	29	14.5	330
13.983	10.3	08/01/2017	20.7	27	14	330
13.983	10.3	09/01/2017	18	25.5	12	330
13.983	10.3	10/01/2017	19.1	27.5	10	330
13.983	10.3	11/01/2017	20.4	30	10.5	330
13.983	10.3	12/01/2017	23.8	33.5	12.5	330
13.983	10.3	13/01/2017	23.6	30	18.6	330
13.983	10.3	14/01/2017	20.4	27	13.5	330
13.983	10.3	15/01/2017	21.4	30.2	13.5	330
13.983	10.3	16/01/2017	21.7	30	14	330
13.983	10.3	17/01/2017	23.2	31.6	14.5	330
13.983	10.3	18/01/2017	25.1	34.6	16	330
13.983	10.3	19/01/2017	26.5	35.5	17.5	330
13.983	10.3	20/01/2017	27.6	35	19.5	330
13.983	10.3	21/01/2017	27.4	36.5	19	330
13.983	10.3	22/01/2017	27.3	37.5	17	330
13.983	10.3	23/01/2017	29	38.6	20	330
13.983	10.3	24/01/2017	27.2	36.3	22	330
13.983	10.3	25/01/2017	26.1	34	19.5	330
13.983	10.3	26/01/2017	24.5	30.5	17	330
13.983	10.3	27/01/2017	22.7	31	17	330
13.983	10.3	28/01/2017	23.2	30.5	16	330
13.983	10.3	29/01/2017	22.9	30.5	15	330
13.983	10.3	30/01/2017	22.4	30	14	330
13.983	10.3	31/01/2017	22.4	30.5	14.5	330
13.983	10.3	01/02/2017	23.7	31	15	330
13.983	10.3	02/02/2017	23.9	30	19	330
13.983	10.3	03/02/2017	23.1	30	17.5	330
13.983	10.3	04/02/2017	22.8	30	16	330
13.983	10.3	05/02/2017	23.8	31	16.5	330
13.983	10.3	06/02/2017	24.7	32	16	330
13.983	10.3	07/02/2017	23.8	31	16.5	330
13.983	10.3	08/02/2017	23.4	30	15.5	330
13.983	10.3	09/02/2017	23.6	31	15	330
13.983	10.3	10/02/2017	24.1	31	17.5	330
13.983	10.3	11/02/2017	24.2	32	17	330
13.983	10.3	12/02/2017	23.5	31	16	330
13.983	10.3	13/02/2017	24	31	16.5	330
13.983	10.3	14/02/2017	21.9	29.5	16	330
13.983	10.3	15/02/2017	22.9	29.5	15.5	330
13.983	10.3	16/02/2017	22.8	29	17	330
13.983	10.3	17/02/2017	21.4	28	16	330
13.983	10.3	18/02/2017	21.2	27	14.5	330
13.983	10.3	19/02/2017	20.7	28	13	330
13.983	10.3	20/02/2017	22.4	30	14	330
13.983	10.3	21/02/2017	24.8	32	16.5	330
13.983	10.3	22/02/2017	28.6	32.6	17.75	330
13.983	10.3	23/02/2017	26.6	34	19	330
13.983	10.3	24/02/2017	25.8	33	19	330
13.983	10.3	25/02/2017	25.6	34	18	330
13.983	10.3	26/02/2017	25.3	34.5	16.5	330
13.983	10.3	27/02/2017	26.6	36	14	330
13.983	10.3	28/02/2017	27.6	38	17	330
13.983	10.3	01/03/2017	29.5	38.6	19	330
13.983	10.3	02/03/2017	29.3	37.5	21.5	330
13.983	10.3	03/03/2017	28.4	37	20	330
13.983	10.3	04/03/2017	28.9	38	19.5	330
13.983	10.3	05/03/2017	28.7	39	21.6	330
13.983	10.3	06/03/2017	29.9	37.5	22	330
13.983	10.3	07/03/2017	30.4	37	21.5	330
13.983	10.3	08/03/2017	29.1	37	21	330
13.983	10.3	09/03/2017	27.6	35.6	18.5	330
13.983	10.3	10/03/2017	24.8	31	19.5	330
13.983	10.3	11/03/2017	24.9	33	16.6	330
13.983	10.3	12/03/2017	25.8	34	16.5	330
13.983	10.3	13/03/2017	27.2	35	18.5	330
13.983	10.3	14/03/2017	27.9	35	21.5	330
13.983	10.3	15/03/2017	27.2	35.5	17	330
13.983	10.3	16/03/2017	26.9	36	15	330
13.983	10.3	17/03/2017	28.1	38.5	17.5	330
13.983	10.3	18/03/2017	30.4	39	18.5	330
13.983	10.3	19/03/2017	30.1	36	21.5	330
13.983	10.3	20/03/2017	29.6	37.5	21	330
13.983	10.3	21/03/2017	29.3	39	20	330
13.983	10.3	22/03/2017	31.4	41	20	330
13.983	10.3	23/03/2017	31.9	40.5	23.6	330
13.983	10.3	24/03/2017	32.3	41	23	330
13.983	10.3	25/03/2017	32.2	41	22	330
13.983	10.3	26/03/2017	30.4	38.5	22.5	330
13.983	10.3	27/03/2017	29	36.5	21	330
13.983	10.3	28/03/2017	29.7	37.5	20.5	330
13.983	10.3	29/03/2017	30.4	39	20	330
13.983	10.3	30/03/2017	31.8	41	21.6	330
13.983	10.3	31/03/2017	32.9	40.5	23.4	330
13.983	10.3	01/04/2017	31.4	38.5	24.5	330
13.983	10.3	02/04/2017	30.1	37	23.6	330
13.983	10.3	03/04/2017	29.5	37.5	21.5	330
13.983	10.3	04/04/2017	31.3	39	23.5	330
13.983	10.3	05/04/2017	32.9	40.5	24.5	330
13.983	10.3	06/04/2017	34	42.5	25.5	330
13.983	10.3	07/04/2017	34	42.5	25	330
13.983	10.3	08/04/2017	36.1	43	31	330
13.983	10.3	09/04/2017	35.7	42.5	27.5	330
13.983	10.3	10/04/2017	36.2	43	29.4	330
13.983	10.3	11/04/2017	35.9	42.5	27.45	330
13.983	10.3	12/04/2017	32.3	39.5	27.45	330
13.983	10.3	13/04/2017	32.8	42.5	25.5	330
13.983	10.3	14/04/2017	28.7	34	24	330
13.983	10.3	15/04/2017	29.4	35.5	25	330
13.983	10.3	16/04/2017	30.4	36.5	22	330
13.983	10.3	17/04/2017	30.8	38	23	330
13.983	10.3	18/04/2017	32.2	39.5	23	330
13.983	10.3	19/04/2017	32.5	40	24.4	330
13.983	10.3	20/04/2017	32.6	40	24.6	330
13.983	10.3	21/04/2017	33.3	41	24.5	330
13.983	10.3	22/04/2017	34.2	42	24.5	330
13.983	10.3	23/04/2017	34.4	42.5	25.5	330
13.983	10.3	24/04/2017	34.3	42.5	25.5	330
13.983	10.3	25/04/2017	34.3	42	26.5	330
13.983	10.3	26/04/2017	34.7	42.7	24.5	330
13.983	10.3	27/04/2017	35.7	42.5	29	330
13.983	10.3	28/04/2017	35.8	42.6	29	330
13.983	10.3	29/04/2017	34.8	43.5	24.6	330
13.983	10.3	30/04/2017	35.1	44	23	330
13.983	10.3	01/05/2017	34.7	43.4	23	330
13.983	10.3	02/05/2017	34.7	43.5	25.5	330
13.983	10.3	03/05/2017	34.8	44	25.5	330
13.983	10.3	04/05/2017	34.7	42	28	330
13.983	10.3	05/05/2017	36.8	44	29.5	330
13.983	10.3	06/05/2017	36.2	44.5	25.5	330
13.983	10.3	07/05/2017	35.8	43.5	26.5	330
13.983	10.3	08/05/2017	35.1	44	26.5	330
13.983	10.3	09/05/2017	33.8	40.5	28	330
13.983	10.3	10/05/2017	35.7	41	28	330
13.983	10.3	11/05/2017	35.3	42	29	330
13.983	10.3	12/05/2017	36.8	44	27.5	330
13.983	10.3	13/05/2017	36.9	45	27	330
13.983	10.3	14/05/2017	35.6	43	27	330
13.983	10.3	15/05/2017	36.1	41	28	330
13.983	10.3	16/05/2017	33.9	40.5	27.5	330
13.983	10.3	17/05/2017	34.4	41	29	330
13.983	10.3	18/05/2017	35.6	41.5	29	330
13.983	10.3	19/05/2017	35.7	42.5	29.5	330
13.983	10.3	20/05/2017	36.1	42	28.6	330
13.983	10.3	21/05/2017	34.9	43.5	27.5	330
13.983	10.3	22/05/2017	35.3	42.5	27.6	330
13.983	10.3	23/05/2017	35.2	43.6	25.5	330
13.983	10.3	24/05/2017	34.8	42.5	26.5	330
13.983	10.3	25/05/2017	32.2	37	28.6	330
13.983	10.3	26/05/2017	33.9	40	28.5	330
13.983	10.3	27/05/2017	34.2	42	26.5	330
13.983	10.3	28/05/2017	35.9	44.5	29	330
13.983	10.3	29/05/2017	34.9	44.5	25	330
13.983	10.3	30/05/2017	35.2	40.5	30.5	330
13.983	10.3	31/05/2017	32.3	37	26.5	330
13.983	10.3	01/06/2017	34.8	42.4	27.5	330
13.983	10.3	02/06/2017	35.6	42.5	29	330
13.983	10.3	03/06/2017	34.3	41	27.5	330
13.983	10.3	04/06/2017	33.6	40	27.5	330
13.983	10.3	05/06/2017	34.5	39.5	28.5	330
13.983	10.3	06/06/2017	35.4	41.5	29.5	330
13.983	10.3	07/06/2017	29.6	34.5	28	330
13.983	10.3	08/06/2017	31.4	39.5	26	330
13.983	10.3	09/06/2017	36.2	43.5	29	330
13.983	10.3	10/06/2017	38	44	31.4	330
13.983	10.3	11/06/2017	36.1	43	29.5	330
13.983	10.3	12/06/2017	35	41	28.5	330
13.983	10.3	13/06/2017	26.5	37.75	26.5	330
13.983	10.3	14/06/2017	29.6	34.5	24.5	330
13.983	10.3	15/06/2017	33.3	42.6	26.5	330
13.983	10.3	16/06/2017	36	43	30	330
13.983	10.3	17/06/2017	30.6	33.5	28.4	330
13.983	10.3	18/06/2017	32.1	37.5	27	330
13.983	10.3	19/06/2017	31.9	37	23.6	330
13.983	10.3	20/06/2017	32.4	37	27.5	330
13.983	10.3	21/06/2017	28.5	34.5	24.75	330
13.983	10.3	22/06/2017	29.9	36	22	330
13.983	10.3	23/06/2017	32.1	37	27	330
13.983	10.3	24/06/2017	32.2	35	26.5	330
13.983	10.3	25/06/2017	32.3	37.5	26	330
13.983	10.3	26/06/2017	32.9	39	29	330
13.983	10.3	27/06/2017	31.1	40.5	25.4	330
13.983	10.3	28/06/2017	31.1	37.5	24.5	330
13.983	10.3	29/06/2017	32.7	39	27	330
13.983	10.3	30/06/2017	33.7	40	28	330
13.983	10.3	01/07/2017	33.6	40	26.5	330
13.983	10.3	02/07/2017	32.4	38	27.5	330
13.983	10.3	03/07/2017	29.3	35.5	21.6	330
13.983	10.3	04/07/2017	31.6	37.5	25.5	330
13.983	10.3	05/07/2017	29.1	36	25	330
13.983	10.3	06/07/2017	29.4	34.5	24.5	330
13.983	10.3	07/07/2017	31.1	37	26	330
13.983	10.3	08/07/2017	30.4	37.5	24.2	330
13.983	10.3	09/07/2017	24.6	31.4	24.2	330
13.983	10.3	10/07/2017	28.7	32.45	22.4	330
13.983	10.3	11/07/2017	29.3	33.5	24.5	330
13.983	10.3	12/07/2017	29.3	35.5	25.4	330
13.983	10.3	13/07/2017	30.9	36.5	25	330
13.983	10.3	14/07/2017	29.8	36	25.4	330
13.983	10.3	15/07/2017	31.2	38	26	330
13.983	10.3	16/07/2017	29	37.5	25.25	330
13.983	10.3	17/07/2017	29.9	35.5	24.5	330
13.983	10.3	18/07/2017	26.4	32	24.5	330
13.983	10.3	19/07/2017	29.8	35.25	24.5	330
13.983	10.3	20/07/2017	31.9	35.25	23.85	330
13.983	10.3	21/07/2017	30.6	38.5	23.85	330
13.983	10.3	22/07/2017	28.6	34.4	23.2	330
13.983	10.3	23/07/2017	30.6	35	26	330
13.983	10.3	24/07/2017	29.2	36	24.75	330
13.983	10.3	25/07/2017	27.3	34.5	23.5	330
13.983	10.3	26/07/2017	29.3	34	23.5	330
13.983	10.3	27/07/2017	27.4	34	23.5	330
13.983	10.3	28/07/2017	29.2	34.5	23.5	330
13.983	10.3	29/07/2017	29.7	35	26	330
13.983	10.3	30/07/2017	30	34.5	26	330
13.983	10.3	31/07/2017	30.2	35.5	25.5	330
13.983	10.3	01/08/2017	30.2	35.5	23.5	330
13.983	10.3	02/08/2017	31.9	37	25.5	330
13.983	10.3	03/08/2017	31.2	38.5	23.25	330
13.983	10.3	04/08/2017	27.6	32.6	21	330
13.983	10.3	05/08/2017	29.7	38	24.5	330
13.983	10.3	06/08/2017	28.7	34	23.5	330
13.983	10.3	07/08/2017	26.4	32	22.5	330
13.983	10.3	08/08/2017	28.5	33	24.5	330
13.983	10.3	09/08/2017	26.2	30.5	20.5	330
13.983	10.3	10/08/2017	29.5	34.5	24.6	330
13.983	10.3	11/08/2017	31.2	36.5	26.5	330
13.983	10.3	12/08/2017	30.8	35.5	26.5	330
13.983	10.3	13/08/2017	27.6	32.8	21	330
13.983	10.3	14/08/2017	28.7	33	23.6	330
13.983	10.3	15/08/2017	30.3	34.75	25.5	330
13.983	10.3	16/08/2017	31.8	36.5	26	330
13.983	10.3	17/08/2017	29.2	34	25	330
13.983	10.3	18/08/2017	25	29	20.5	330
13.983	10.3	19/08/2017	27.9	32	24	330
13.983	10.3	20/08/2017	28.8	34	25	330
13.983	10.3	21/08/2017	26.7	32.25	23.4	330
13.983	10.3	22/08/2017	26.4	30.5	22.5	330
13.983	10.3	23/08/2017	28.8	34	23.5	330
13.983	10.3	24/08/2017	31.1	37	25.5	330
13.983	10.3	25/08/2017	32.3	39.5	26	330
13.983	10.3	26/08/2017	28.8	36.25	22.25	330
13.983	10.3	27/08/2017	27.7	33	18.5	330
13.983	10.3	28/08/2017	30.7	38.5	24	330
13.983	10.3	29/08/2017	32.4	34	26	330
13.983	10.3	30/08/2017	25.7	29.5	23.6	330
13.983	10.3	31/08/2017	26.7	31.5	22.5	330
13.983	10.3	01/09/2017	29.5	35	23.6	330
13.983	10.3	02/09/2017	30.9	39	21.55	330
13.983	10.3	03/09/2017	29.6	35.5	19.5	330
13.983	10.3	04/09/2017	24.6	29.5	20.75	330
13.983	10.3	05/09/2017	27.8	34	22	330
13.983	10.3	06/09/2017	30.3	36.6	24.5	330
13.983	10.3	07/09/2017	29.2	35	24.5	330
13.983	10.3	08/09/2017	28.6	34	24.5	330
13.983	10.3	09/09/2017	31.6	38.2	24	330
13.983	10.3	10/09/2017	31	39.5	24.6	330
13.983	10.3	11/09/2017	31.2	37	25.5	330
13.983	10.3	12/09/2017	32.1	40	26.5	330
13.983	10.3	13/09/2017	31.6	40	25.5	330
13.983	10.3	14/09/2017	31.5	39	26	330
13.983	10.3	15/09/2017	28.4	37	25.5	330
13.983	10.3	16/09/2017	29.3	35	25.5	330
13.983	10.3	17/09/2017	30.9	37	25	330
13.983	10.3	18/09/2017	32.4	40	27	330
13.983	10.3	19/09/2017	31.3	38	26.5	330
13.983	10.3	20/09/2017	30	37	25.5	330
13.983	10.3	21/09/2017	29.3	38.5	24.5	330
13.983	10.3	22/09/2017	31.2	37	26.4	330
13.983	10.3	23/09/2017	31.7	40	25.5	330
13.983	10.3	24/09/2017	32.1	40.4	25.5	330
13.983	10.3	25/09/2017	32.3	40.1	22.5	330
13.983	10.3	26/09/2017	30.8	40	20	330
13.983	10.3	27/09/2017	31.7	40.5	21.6	330
13.983	10.3	28/09/2017	32.4	40.5	22.6	330
13.983	10.3	29/09/2017	32.7	41	24.5	330
13.983	10.3	30/09/2017	31.3	39	23	330
13.983	10.3	01/10/2017	32.9	41	25.5	330
13.983	10.3	02/10/2017	33.3	41	24	330
13.983	10.3	03/10/2017	35.1	41.5	25	330
13.983	10.3	04/10/2017	33.2	39.5	26	330
13.983	10.3	05/10/2017	32.6	40.5	26	330
13.983	10.3	06/10/2017	32.6	40	24.4	330
13.983	10.3	07/10/2017	32.6	40.5	24	330
13.983	10.3	08/10/2017	31.6	39.5	22.5	330
13.983	10.3	09/10/2017	31.4	40	23.5	330
13.983	10.3	10/10/2017	33.3	40.5	23.5	330
13.983	10.3	11/10/2017	33.3	40	27	330
13.983	10.3	12/10/2017	31.4	38.1	23.5	330
13.983	10.3	13/10/2017	30.4	37.5	23	330
13.983	10.3	14/10/2017	30.3	37	23.5	330
13.983	10.3	15/10/2017	29.3	36.5	22	330
13.983	10.3	16/10/2017	29.9	36.5	24	330
13.983	10.3	17/10/2017	29.4	35.5	23	330
13.983	10.3	18/10/2017	28.3	35.5	20	330
13.983	10.3	19/10/2017	28.9	36.4	20	330
13.983	10.3	20/10/2017	29.1	37.5	20	330
13.983	10.3	21/10/2017	29.4	38	21	330
13.983	10.3	22/10/2017	29.8	37.6	20.5	330
13.983	10.3	23/10/2017	30.2	38.5	21	330
13.983	10.3	24/10/2017	29.4	38	18	330
13.983	10.3	25/10/2017	28.9	37	20	330
13.983	10.3	26/10/2017	28.8	36	22	330
13.983	10.3	27/10/2017	26.2	32.5	20	330
13.983	10.3	28/10/2017	27.6	34.5	20.5	330
13.983	10.3	29/10/2017	28.3	35	22	330
13.983	10.3	30/10/2017	28.4	36	21.5	330
13.983	10.3	31/10/2017	27.8	36	20	330
13.983	10.3	01/11/2017	28.1	35.5	19.5	330
13.983	10.3	02/11/2017	28.4	36	21	330
13.983	10.3	03/11/2017	27.4	35	20.5	330
13.983	10.3	04/11/2017	27.3	34.5	21	330
13.983	10.3	05/11/2017	26.4	34	18	330
13.983	10.3	06/11/2017	25.9	34	18	330
13.983	10.3	07/11/2017	25.5	34	16.5	330
13.983	10.3	08/11/2017	26.3	33.5	17.5	330
13.983	10.3	09/11/2017	26.8	34	17.5	330
13.983	10.3	10/11/2017	25.7	33	17.4	330
13.983	10.3	11/11/2017	28.2	33	17	330
13.983	10.3	12/11/2017	25.2	35	13.5	330
13.983	10.3	13/11/2017	26	35.75	15	330
13.983	10.3	14/11/2017	27.8	36.5	17.5	330
13.983	10.3	15/11/2017	28.4	38	17.5	330
13.983	10.3	16/11/2017	30.1	38	22	330
13.983	10.3	17/11/2017	28.7	37	20.5	330
13.983	10.3	18/11/2017	29.2	38	20.4	330
13.983	10.3	19/11/2017	29.5	38	20	330
13.983	10.3	20/11/2017	29.1	37	21	330
13.983	10.3	21/11/2017	26.3	35.5	20	330
13.983	10.3	22/11/2017	27	33.5	19	330
13.983	10.3	23/11/2017	24.8	32	18	330
13.983	10.3	24/11/2017	24.4	31	17	330
13.983	10.3	25/11/2017	24.1	32	16.5	330
13.983	10.3	26/11/2017	25.4	32	16	330
13.983	10.3	27/11/2017	24.6	32	17	330
13.983	10.3	28/11/2017	24.3	32	15.5	330
13.983	10.3	29/11/2017	24.1	32	15.5	330
13.983	10.3	30/11/2017	24.2	31.5	16.5	330
13.983	10.3	01/12/2017	24.1	31.8	15.6	330
13.983	10.3	02/12/2017	23.9	32	16	330
13.983	10.3	03/12/2017	24.3	33	16	330
13.983	10.3	04/12/2017	24.7	33	16	330
13.983	10.3	05/12/2017	24.9	32	16.5	330
13.983	10.3	06/12/2017	25.2	32	17.5	330
13.983	10.3	07/12/2017	23.7	28	20.5	330
13.983	10.3	08/12/2017	22.9	27	18	330
13.983	10.3	09/12/2017	21.2	27	16	330
13.983	10.3	10/12/2017	21.4	27.5	15	330
13.983	10.3	11/12/2017	19.8	29.25	13.5	330
13.983	10.3	12/12/2017	23.2	31	16	330
13.983	10.3	13/12/2017	26.2	33.5	18.6	330
13.983	10.3	14/12/2017	26.5	35.5	20	330
13.983	10.3	15/12/2017	24.9	31.5	19.5	330
13.983	10.3	16/12/2017	23.9	31	17.5	330
13.983	10.3	17/12/2017	23	31.5	14.5	330
13.983	10.3	18/12/2017	24	33.2	12.5	330
13.983	10.3	19/12/2017	24.5	35	14.5	330
13.983	10.3	20/12/2017	25.5	34.1	17.5	330
13.983	10.3	21/12/2017	26.8	36.5	17.4	330
13.983	10.3	22/12/2017	25.7	33	19	330
13.983	10.3	23/12/2017	19.8	25	15.5	330
13.983	10.3	24/12/2017	18.8	23.6	14	330
13.983	10.3	25/12/2017	20.6	26.5	15	330
13.983	10.3	26/12/2017	21.5	27.9	16.8	330
13.983	10.3	27/12/2017	21.1	28.5	15	330
13.983	10.3	28/12/2017	21.8	29.5	12.5	330
13.983	10.3	29/12/2017	20.1	30.6	14	330
13.983	10.3	30/12/2017	21.1	28.4	14	330
13.983	10.3	31/12/2017	21.3	27	13.5	330
