LATITUDE	LONGITUDE	Date	Tavg	Tmax	Tmin	Rainfall
13.233	11.983	01/01/2017	20.7	28.8	13.5	326
13.233	11.983	02/01/2017	20.3	29	13	326
13.233	11.983	03/01/2017	22.3	29.5	15.5	326
13.233	11.983	04/01/2017	22.5	30	13.2	326
13.233	11.983	05/01/2017	21.4	29.6	15.5	326
13.233	11.983	06/01/2017	23.1	32	14	326
13.233	11.983	07/01/2017	22.9	31.1	15.5	326
13.233	11.983	08/01/2017	21.7	28.6	16.2	326
13.233	11.983	09/01/2017	19.2	26.5	13	326
13.233	11.983	10/01/2017	19.4	28.5	11.3	326
13.233	11.983	11/01/2017	21.8	31	11.7	326
13.233	11.983	12/01/2017	24.7	35	15.5	326
13.233	11.983	13/01/2017	25.7	33.8	19	326
13.233	11.983	14/01/2017	21.8	28.5	16.5	326
13.233	11.983	15/01/2017	21.3	29.1	13.5	326
13.233	11.983	16/01/2017	22.2	30.7	14	326
13.233	11.983	17/01/2017	24.2	33.4	15.5	326
13.233	11.983	18/01/2017	25.6	35.6	16.3	326
13.233	11.983	19/01/2017	26.7	36.8	16.2	326
13.233	11.983	20/01/2017	27.6	36.3	18.5	326
13.233	11.983	21/01/2017	27.7	38.1	17.3	326
13.233	11.983	22/01/2017	28.4	39.5	18.5	326
13.233	11.983	23/01/2017	29.1	40	19.6	326
13.233	11.983	24/01/2017	28.7	37.6	20.4	326
13.233	11.983	25/01/2017	27	35.6	19	326
13.233	11.983	26/01/2017	26.4	33.6	18.5	326
13.233	11.983	27/01/2017	24.9	33	17.5	326
13.233	11.983	28/01/2017	24.7	32.5	18.5	326
13.233	11.983	29/01/2017	23.8	32.5	16.1	326
13.233	11.983	30/01/2017	23.7	31.5	15.6	326
13.233	11.983	31/01/2017	22.9	32	14.6	326
13.233	11.983	01/02/2017	24.2	32.2	16	326
13.233	11.983	02/02/2017	24	32	17.5	326
13.233	11.983	03/02/2017	22.7	31.5	15	326
13.233	11.983	04/02/2017	23.2	32	14.6	326
13.233	11.983	05/02/2017	22.8	32.6	15.2	326
13.233	11.983	06/02/2017	25.2	33.5	17.7	326
13.233	11.983	07/02/2017	24.4	32.3	16	326
13.233	11.983	08/02/2017	23.9	33	13.5	326
13.233	11.983	09/02/2017	23.6	32.2	16.5	326
13.233	11.983	10/02/2017	23.8	32.5	15.4	326
13.233	11.983	11/02/2017	24.3	33.4	15.7	326
13.233	11.983	12/02/2017	24.5	33	16.8	326
13.233	11.983	13/02/2017	24.1	32.1	18.8	326
13.233	11.983	14/02/2017	22.7	31.4	16.6	326
13.233	11.983	15/02/2017	23.7	31	16.5	326
13.233	11.983	16/02/2017	23.5	30.5	16	326
13.233	11.983	17/02/2017	22.3	29.1	15.5	326
13.233	11.983	18/02/2017	21.3	29	13.5	326
13.233	11.983	19/02/2017	21.8	30.1	13	326
13.233	11.983	20/02/2017	23.6	31.6	15	326
13.233	11.983	21/02/2017	25.3	33.2	16.6	326
13.233	11.983	22/02/2017	28.8	33.5	17.9	326
13.233	11.983	23/02/2017	26.2	34.5	19.2	326
13.233	11.983	24/02/2017	25.4	34	18.6	326
13.233	11.983	25/02/2017	24.5	34.3	16.5	326
13.233	11.983	26/02/2017	24.2	35.6	14.2	326
13.233	11.983	27/02/2017	25.5	37	14.8	326
13.233	11.983	28/02/2017	26.8	38.8	16.8	326
13.233	11.983	01/03/2017	29.3	40	20.6	326
13.233	11.983	02/03/2017	29.7	39.5	21.6	326
13.233	11.983	03/03/2017	28	37.6	19.6	326
13.233	11.983	04/03/2017	28	38.6	17.9	326
13.233	11.983	05/03/2017	27.4	39.6	18.5	326
13.233	11.983	06/03/2017	29.6	40.2	19	326
13.233	11.983	07/03/2017	29.6	38.6	22	326
13.233	11.983	08/03/2017	28.9	38	21.6	326
13.233	11.983	09/03/2017	28.5	37	20	326
13.233	11.983	10/03/2017	25.9	33	20	326
13.233	11.983	11/03/2017	25.6	34.1	15.5	326
13.233	11.983	12/03/2017	25.4	35	18	326
13.233	11.983	13/03/2017	27.8	37	20	326
13.233	11.983	14/03/2017	28.9	36.8	23.2	326
13.233	11.983	15/03/2017	27.3	36.2	19.5	326
13.233	11.983	16/03/2017	26.4	37	15	326
13.233	11.983	17/03/2017	28.6	40	19	326
13.233	11.983	18/03/2017	30.2	41	19.5	326
13.233	11.983	19/03/2017	28.8	37.5	22	326
13.233	11.983	20/03/2017	28.4	38.4	19.8	326
13.233	11.983	21/03/2017	29.1	39.5	21	326
13.233	11.983	22/03/2017	31.2	42.8	21.4	326
13.233	11.983	23/03/2017	31.4	41.9	21.5	326
13.233	11.983	24/03/2017	31.9	42	23.6	326
13.233	11.983	25/03/2017	32.3	42.1	24.5	326
13.233	11.983	26/03/2017	31	39.5	23.5	326
13.233	11.983	27/03/2017	29.1	38.2	20.5	326
13.233	11.983	28/03/2017	29.3	39.4	19.5	326
13.233	11.983	29/03/2017	30.5	40.6	21	326
13.233	11.983	30/03/2017	32.8	42	22.4	326
13.233	11.983	31/03/2017	32.2	42.5	22.5	326
13.233	11.983	01/04/2017	30.8	38.6	24.2	326
13.233	11.983	02/04/2017	30.2	38.6	24	326
13.233	11.983	03/04/2017	31.2	39	25.6	326
13.233	11.983	04/04/2017	31.5	40.6	23	326
13.233	11.983	05/04/2017	32.8	42.2	24.4	326
13.233	11.983	06/04/2017	33.4	42.2	26.5	326
13.233	11.983	07/04/2017	35.1	43.4	27.4	326
13.233	11.983	08/04/2017	36.2	43.7	30.6	326
13.233	11.983	09/04/2017	36	44.5	28.8	326
13.233	11.983	10/04/2017	36.4	45	30.6	326
13.233	11.983	11/04/2017	35.1	43.2	28.85	326
13.233	11.983	12/04/2017	33.3	41	27.1	326
13.233	11.983	13/04/2017	31.9	40.8	26.1	326
13.233	11.983	14/04/2017	30.3	37.1	24.6	326
13.233	11.983	15/04/2017	28.8	34.5	26	326
13.233	11.983	16/04/2017	30.2	38.2	23.5	326
13.233	11.983	17/04/2017	32.1	39.4	25	326
13.233	11.983	18/04/2017	31.4	40.6	24.5	326
13.233	11.983	19/04/2017	32.6	41	25.8	326
13.233	11.983	20/04/2017	33.6	41.5	27.2	326
13.233	11.983	21/04/2017	33.9	42.4	27.2	326
13.233	11.983	22/04/2017	33.3	43.5	24.6	326
13.233	11.983	23/04/2017	34.1	44.4	25	326
13.233	11.983	24/04/2017	34.2	43.2	27.6	326
13.233	11.983	25/04/2017	34.1	44	26	326
13.233	11.983	26/04/2017	34.7	43.6	27.7	326
13.233	11.983	27/04/2017	34.9	43	28	326
13.233	11.983	28/04/2017	33.7	44	25	326
13.233	11.983	29/04/2017	33.9	43.6	23	326
13.233	11.983	30/04/2017	34.9	45.1	27	326
13.233	11.983	01/05/2017	34.4	44	26.2	326
13.233	11.983	02/05/2017	34.5	43.6	26.1	326
13.233	11.983	03/05/2017	35.1	44.4	28	326
13.233	11.983	04/05/2017	34.7	42.5	28	326
13.233	11.983	05/05/2017	35.6	44.2	29	326
13.233	11.983	06/05/2017	34.2	44.2	27.5	326
13.233	11.983	07/05/2017	33.6	43	25.8	326
13.233	11.983	08/05/2017	34.6	44.4	28.1	326
13.233	11.983	09/05/2017	33	38.8	27.3	326
13.233	11.983	10/05/2017	35.1	42.2	27	326
13.233	11.983	11/05/2017	34.6	43	26.9	326
13.233	11.983	12/05/2017	36	45	28	326
13.233	11.983	13/05/2017	35.9	45	28.6	326
13.233	11.983	14/05/2017	34.6	43.7	27	326
13.233	11.983	15/05/2017	34.3	41.8	29.6	326
13.233	11.983	16/05/2017	32.7	41.6	29	326
13.233	11.983	17/05/2017	34.1	42.8	28.4	326
13.233	11.983	18/05/2017	35.2	42.2	31	326
13.233	11.983	19/05/2017	35.3	43.5	29.75	326
13.233	11.983	20/05/2017	35.6	42.5	28.5	326
13.233	11.983	21/05/2017	35.3	42.6	30.8	326
13.233	11.983	22/05/2017	34.1	43	27	326
13.233	11.983	23/05/2017	33.9	43.8	26.4	326
13.233	11.983	24/05/2017	31.8	42.2	25.5	326
13.233	11.983	25/05/2017	30.3	38	25.4	326
13.233	11.983	26/05/2017	32.2	41	24.95	326
13.233	11.983	27/05/2017	31.6	40.8	24.5	326
13.233	11.983	28/05/2017	34.3	44.1	26.5	326
13.233	11.983	29/05/2017	35.3	45.4	27.7	326
13.233	11.983	30/05/2017	34.6	42.1	29	326
13.233	11.983	31/05/2017	30.1	36	26.2	326
13.233	11.983	01/06/2017	32.6	41.2	27	326
13.233	11.983	02/06/2017	33.6	42	28.5	326
13.233	11.983	03/06/2017	30.5	40	26	326
13.233	11.983	04/06/2017	30.2	36.8	24.9	326
13.233	11.983	05/06/2017	32.5	38.6	27.5	326
13.233	11.983	06/06/2017	33.1	42	28	326
13.233	11.983	07/06/2017	28.3	33	26.3	326
13.233	11.983	08/06/2017	30.4	39	24.6	326
13.233	11.983	09/06/2017	35.1	44	28.5	326
13.233	11.983	10/06/2017	35.2	43.6	29.6	326
13.233	11.983	11/06/2017	33.8	41	28	326
13.233	11.983	12/06/2017	33.6	40.5	29	326
13.233	11.983	13/06/2017	25.8	29.5	22.8	326
13.233	11.983	14/06/2017	29.1	35.2	23.8	326
13.233	11.983	15/06/2017	32.4	40.1	26	326
13.233	11.983	16/06/2017	35.3	43.5	29.4	326
13.233	11.983	17/06/2017	29.3	35	27	326
13.233	11.983	18/06/2017	30.8	38	26.2	326
13.233	11.983	19/06/2017	30.7	39.5	27	326
13.233	11.983	20/06/2017	31.2	37.8	27	326
13.233	11.983	21/06/2017	25.7	30	18.6	326
13.233	11.983	22/06/2017	27.9	36	20	326
13.233	11.983	23/06/2017	29.6	38.3	25.5	326
13.233	11.983	24/06/2017	29.5	35	23	326
13.233	11.983	25/06/2017	31.8	37.7	28	326
13.233	11.983	26/06/2017	30.8	39.6	27.3	326
13.233	11.983	27/06/2017	33.3	41.5	27.5	326
13.233	11.983	28/06/2017	30	35.4	25.8	326
13.233	11.983	29/06/2017	31.9	39.1	27.1	326
13.233	11.983	30/06/2017	33.4	41.4	28.4	326
13.233	11.983	01/07/2017	31	38.7	27.2	326
13.233	11.983	02/07/2017	30.5	36.8	25.7	326
13.233	11.983	03/07/2017	31.5	39.1	26.5	326
13.233	11.983	04/07/2017	32.4	39.4	27.5	326
13.233	11.983	05/07/2017	28.8	33	26.25	326
13.233	11.983	06/07/2017	29.9	37.2	25	326
13.233	11.983	07/07/2017	30.9	37.6	25.6	326
13.233	11.983	08/07/2017	26.8	36	23.3	326
13.233	11.983	09/07/2017	25.6	31	21	326
13.233	11.983	10/07/2017	27.1	31.5	23	326
13.233	11.983	11/07/2017	29.2	35.5	24.7	326
13.233	11.983	12/07/2017	30.4	36.6	25.5	326
13.233	11.983	13/07/2017	30.4	37	25.3	326
13.233	11.983	14/07/2017	28.2	33.8	23.5	326
13.233	11.983	15/07/2017	27.9	32	24.6	326
13.233	11.983	16/07/2017	31.2	37	26.2	326
13.233	11.983	17/07/2017	30.6	37.4	25.4	326
13.233	11.983	18/07/2017	26.4	31.5	20.9	326
13.233	11.983	19/07/2017	29.3	35.6	24.4	326
13.233	11.983	20/07/2017	31.7	38	25.6	326
13.233	11.983	21/07/2017	31.7	39.6	24.5	326
13.233	11.983	22/07/2017	29.7	36.4	23.4	326
13.233	11.983	23/07/2017	31.1	37	26.4	326
13.233	11.983	24/07/2017	29.4	36.6	24.4	326
13.233	11.983	25/07/2017	28.1	33.4	22.4	326
13.233	11.983	26/07/2017	30.4	36	25.6	326
13.233	11.983	27/07/2017	26.1	30.6	24.7	326
13.233	11.983	28/07/2017	28.3	34	23.8	326
13.233	11.983	29/07/2017	28.8	35.7	22.6	326
13.233	11.983	30/07/2017	29.4	35	25.5	326
13.233	11.983	31/07/2017	27.1	33.2	24.35	326
13.233	11.983	01/08/2017	28.9	35.2	23.2	326
13.233	11.983	02/08/2017	30.4	37	25.5	326
13.233	11.983	03/08/2017	28.6	38	23.6	326
13.233	11.983	04/08/2017	27.2	32.6	21.7	326
13.233	11.983	05/08/2017	28.1	33.4	23.2	326
13.233	11.983	06/08/2017	27.2	34.2	23.1	326
13.233	11.983	07/08/2017	26.4	31.4	23	326
13.233	11.983	08/08/2017	28.7	33.5	24.5	326
13.233	11.983	09/08/2017	24.9	29	20	326
13.233	11.983	10/08/2017	29.1	35	24.2	326
13.233	11.983	11/08/2017	30.6	35.5	25.4	326
13.233	11.983	12/08/2017	29.6	35	25.6	326
13.233	11.983	13/08/2017	26.8	34	24.5	326
13.233	11.983	14/08/2017	27.4	33	23.4	326
13.233	11.983	15/08/2017	28.1	34	24.6	326
13.233	11.983	16/08/2017	28.3	35	23.3	326
13.233	11.983	17/08/2017	26.7	31.4	22	326
13.233	11.983	18/08/2017	25.2	29.2	22	326
13.233	11.983	19/08/2017	27.2	32.6	23.2	326
13.233	11.983	20/08/2017	27.8	35	22.6	326
13.233	11.983	21/08/2017	23.8	27.6	22	326
13.233	11.983	22/08/2017	26.3	32.8	21.9	326
13.233	11.983	23/08/2017	28.8	34.8	24	326
13.233	11.983	24/08/2017	30.6	38.5	24	326
13.233	11.983	25/08/2017	30.9	39.4	25	326
13.233	11.983	26/08/2017	29.2	35.2	24.5	326
13.233	11.983	27/08/2017	29	34.4	26.4	326
13.233	11.983	28/08/2017	29.8	38.4	25	326
13.233	11.983	29/08/2017	27.2	33	23.95	326
13.233	11.983	30/08/2017	25.6	31	22.9	326
13.233	11.983	31/08/2017	27.8	33.6	23	326
13.233	11.983	01/09/2017	29.4	37	23.6	326
13.233	11.983	02/09/2017	31.3	37.5	25.5	326
13.233	11.983	03/09/2017	30.3	38	24.8	326
13.233	11.983	04/09/2017	25	35.75	19.5	326
13.233	11.983	05/09/2017	27.1	33.5	22.6	326
13.233	11.983	06/09/2017	29.4	37.6	25	326
13.233	11.983	07/09/2017	28.4	36.1	23.5	326
13.233	11.983	08/09/2017	27.9	36.9	23.5	326
13.233	11.983	09/09/2017	29.9	37.7	24.1	326
13.233	11.983	10/09/2017	29.9	39.2	24.3	326
13.233	11.983	11/09/2017	29.6	36.5	23.2	326
13.233	11.983	12/09/2017	29.6	39.5	22.85	326
13.233	11.983	13/09/2017	29.5	39	22.5	326
13.233	11.983	14/09/2017	29.9	37.5	25.5	326
13.233	11.983	15/09/2017	27.2	35	25.4	326
13.233	11.983	16/09/2017	29.8	34.85	25.4	326
13.233	11.983	17/09/2017	29.1	34.7	25.3	326
13.233	11.983	18/09/2017	30.1	37.6	24.9	326
13.233	11.983	19/09/2017	29.6	37.2	25.7	326
13.233	11.983	20/09/2017	29.7	38.3	24.6	326
13.233	11.983	21/09/2017	28.8	36.2	23.5	326
13.233	11.983	22/09/2017	29	35.4	23.8	326
13.233	11.983	23/09/2017	30.7	38.4	24.2	326
13.233	11.983	24/09/2017	30.3	38.5	23	326
13.233	11.983	25/09/2017	31.4	39.5	25.5	326
13.233	11.983	26/09/2017	30.6	38.4	23	326
13.233	11.983	27/09/2017	31.6	39	22	326
13.233	11.983	28/09/2017	31.1	39.6	24	326
13.233	11.983	29/09/2017	31.9	41.1	24	326
13.233	11.983	30/09/2017	30	37.7	23.5	326
13.233	11.983	01/10/2017	31.8	41.2	23	326
13.233	11.983	02/10/2017	32.1	42	21.5	326
13.233	11.983	03/10/2017	31.8	40.6	23	326
13.233	11.983	04/10/2017	32.2	38	26	326
13.233	11.983	05/10/2017	31.2	40.6	25.7	326
13.233	11.983	06/10/2017	31	40.5	22	326
13.233	11.983	07/10/2017	31.1	40.1	22.4	326
13.233	11.983	08/10/2017	31.3	41.2	22.9	326
13.233	11.983	09/10/2017	30.5	41.5	17.8	326
13.233	11.983	10/10/2017	31.3	41.8	20.2	326
13.233	11.983	11/10/2017	32.9	41	27.4	326
13.233	11.983	12/10/2017	30.3	38.8	23	326
13.233	11.983	13/10/2017	29.3	38.6	21	326
13.233	11.983	14/10/2017	29.1	38	21.5	326
13.233	11.983	15/10/2017	30.1	37.5	23.6	326
13.233	11.983	16/10/2017	30.5	38	24.4	326
13.233	11.983	17/10/2017	30.3	37.7	24.5	326
13.233	11.983	18/10/2017	28.9	36.8	23	326
13.233	11.983	19/10/2017	28.6	38	21.1	326
13.233	11.983	20/10/2017	29.2	37.6	20.5	326
13.233	11.983	21/10/2017	29.1	39	20.8	326
13.233	11.983	22/10/2017	29.2	39.8	20	326
13.233	11.983	23/10/2017	26.4	39.6	19.1	326
13.233	11.983	24/10/2017	29.8	39	20.8	326
13.233	11.983	25/10/2017	28.9	39.1	20	326
13.233	11.983	26/10/2017	29.7	36.8	22	326
13.233	11.983	27/10/2017	27.2	34.6	19.8	326
13.233	11.983	28/10/2017	29.8	37.2	23.5	326
13.233	11.983	29/10/2017	30.2	37.3	23.5	326
13.233	11.983	30/10/2017	30.1	37.2	23.4	326
13.233	11.983	31/10/2017	27.3	36.4	18.4	326
13.233	11.983	01/11/2017	28.2	37.5	20.2	326
13.233	11.983	02/11/2017	28.4	37	21.4	326
13.233	11.983	03/11/2017	28.4	37	20.6	326
13.233	11.983	04/11/2017	27.1	34.5	21.6	326
13.233	11.983	05/11/2017	26.3	35.1	18.1	326
13.233	11.983	06/11/2017	25.2	34	16.4	326
13.233	11.983	07/11/2017	25.2	35.6	16.6	326
13.233	11.983	08/11/2017	26.3	35.4	17.2	326
13.233	11.983	09/11/2017	26.7	35.5	20.6	326
13.233	11.983	10/11/2017	25.6	34.4	17	326
13.233	11.983	11/11/2017	24.8	34.7	16.5	326
13.233	11.983	12/11/2017	24.9	36.6	14	326
13.233	11.983	13/11/2017	24.9	35.7	16.5	326
13.233	11.983	14/11/2017	27.1	37.6	18.6	326
13.233	11.983	15/11/2017	28.4	39	18.5	326
13.233	11.983	16/11/2017	28.6	38.5	20	326
13.233	11.983	17/11/2017	29.1	39.2	21	326
13.233	11.983	18/11/2017	28.8	38.4	19.6	326
13.233	11.983	19/11/2017	28.8	39.6	19.6	326
13.233	11.983	20/11/2017	29.2	38.2	21.7	326
13.233	11.983	21/11/2017	26.6	37.1	19.6	326
13.233	11.983	22/11/2017	26	34.8	17.4	326
13.233	11.983	23/11/2017	24.2	32.8	16.3	326
13.233	11.983	24/11/2017	24.1	32.6	16.9	326
13.233	11.983	25/11/2017	24.1	33.4	15	326
13.233	11.983	26/11/2017	24.9	32.4	16.5	326
13.233	11.983	27/11/2017	23.8	34.2	16.5	326
13.233	11.983	28/11/2017	25.1	34	17.4	326
13.233	11.983	29/11/2017	24.6	33.6	16.4	326
13.233	11.983	30/11/2017	24.3	32.8	17	326
13.233	11.983	01/12/2017	23.8	32.6	15.8	326
13.233	11.983	02/12/2017	24.1	34.2	14.5	326
13.233	11.983	03/12/2017	25.2	35.5	15.6	326
13.233	11.983	04/12/2017	24.9	34.8	15.4	326
13.233	11.983	05/12/2017	24.6	34.2	16.4	326
13.233	11.983	06/12/2017	24.2	33	16.4	326
13.233	11.983	07/12/2017	23.6	29.1	20	326
13.233	11.983	08/12/2017	22.7	29	17.5	326
13.233	11.983	09/12/2017	21.4	28.8	15.5	326
13.233	11.983	10/12/2017	21.3	29.2	13.8	326
13.233	11.983	11/12/2017	21	31.6	15	326
13.233	11.983	12/12/2017	25.1	34	19	326
13.233	11.983	13/12/2017	26.1	35.5	18.7	326
13.233	11.983	14/12/2017	27.4	36.8	20.8	326
13.233	11.983	15/12/2017	25.1	33.5	18.3	326
13.233	11.983	16/12/2017	23.3	32.4	15	326
13.233	11.983	17/12/2017	23	33.5	13.6	326
13.233	11.983	18/12/2017	24.2	35.4	14	326
13.233	11.983	19/12/2017	25.4	37.6	14.5	326
13.233	11.983	20/12/2017	26.7	38.5	16.7	326
13.233	11.983	21/12/2017	27.6	38.2	17.6	326
13.233	11.983	22/12/2017	26.8	36.2	19.4	326
13.233	11.983	23/12/2017	21.8	27.6	16.2	326
13.233	11.983	24/12/2017	20.4	26.8	15	326
13.233	11.983	25/12/2017	21.8	27.1	18	326
13.233	11.983	26/12/2017	21.6	29.2	16.2	326
13.233	11.983	27/12/2017	22.2	30	15	326
13.233	11.983	28/12/2017	21.3	30.5	12.7	326
13.233	11.983	29/12/2017	20.8	29	12.7	326
13.233	11.983	30/12/2017	21.9	29.6	12	326
13.233	11.983	31/12/2017	22.9	29.2	15.6	326
