LATITUDE	LONGITUDE	Date	Tavg	Tmax	Tmin	Rainfall
14.25	13.12	01/01/2017	20	27.55	12.7	200
14.25	13.12	02/01/2017	20.1	27.8	12.4	200
14.25	13.12	03/01/2017	21.1	28	13.6	200
14.25	13.12	04/01/2017	20.2	28	12.5	200
14.25	13.12	05/01/2017	20.4	28.5	13	200
14.25	13.12	06/01/2017	21.5	30.2	12.2	200
14.25	13.12	07/01/2017	21.3	29.5	13.5	200
14.25	13.12	08/01/2017	20.1	27.5	14	200
14.25	13.12	09/01/2017	18.1	25.5	11.5	200
14.25	13.12	10/01/2017	17.4	27	9.5	200
14.25	13.12	11/01/2017	19.5	31.5	9	200
14.25	13.12	12/01/2017	21.5	33.8	10.8	200
14.25	13.12	13/01/2017	23.7	35	15	200
14.25	13.12	14/01/2017	20.4	27.5	15.6	200
14.25	13.12	15/01/2017	19.7	29	13	200
14.25	13.12	16/01/2017	20.7	30.5	13	200
14.25	13.12	17/01/2017	22.1	32.5	13	200
14.25	13.12	18/01/2017	23.6	34	15.5	200
14.25	13.12	19/01/2017	25.3	36	16.5	200
14.25	13.12	20/01/2017	26.2	35.6	19	200
14.25	13.12	21/01/2017	26.4	38	17.4	200
14.25	13.12	22/01/2017	27.4	40	18.5	200
14.25	13.12	23/01/2017	28.4	39.5	18	200
14.25	13.12	24/01/2017	28.2	37	20.2	200
14.25	13.12	25/01/2017	26.4	35.2	18	200
14.25	13.12	26/01/2017	25.2	32.6	18.4	200
14.25	13.12	27/01/2017	24.5	32	18	200
14.25	13.12	28/01/2017	23.8	31.2	17.5	200
14.25	13.12	29/01/2017	22.3	30.5	15	200
14.25	13.12	30/01/2017	21.9	30.5	14	200
14.25	13.12	31/01/2017	21.8	30.5	14.8	200
14.25	13.12	01/02/2017	23.4	31	16.4	200
14.25	13.12	02/02/2017	23.2	30.6	15.5	200
14.25	13.12	03/02/2017	21.8	30.6	9	200
14.25	13.12	04/02/2017	22	31	13.5	200
14.25	13.12	05/02/2017	23.7	32	14.5	200
14.25	13.12	06/02/2017	24.7	32.2	18	200
14.25	13.12	07/02/2017	23	31.5	15.5	200
14.25	13.12	08/02/2017	22.6	31	15	200
14.25	13.12	09/02/2017	23.1	31.1	17.5	200
14.25	13.12	10/02/2017	23	31.5	16	200
14.25	13.12	11/02/2017	24.2	33	15	200
14.25	13.12	12/02/2017	23.7	32	14	200
14.25	13.12	13/02/2017	23.7	31	17.5	200
14.25	13.12	14/02/2017	22.4	30	15	200
14.25	13.12	15/02/2017	23.1	30	15	200
14.25	13.12	16/02/2017	22.5	29	14.8	200
14.25	13.12	17/02/2017	21.1	27.8	13.5	200
14.25	13.12	18/02/2017	20.2	28.2	12.5	200
14.25	13.12	19/02/2017	20.2	29	11.5	200
14.25	13.12	20/02/2017	22.3	31	13.6	200
14.25	13.12	21/02/2017	24.2	33	16	200
14.25	13.12	22/02/2017	25.2	33.5	16.6	200
14.25	13.12	23/02/2017	25.3	34	17	200
14.25	13.12	24/02/2017	24.4	33.2	15.6	200
14.25	13.12	25/02/2017	23.1	33	14.2	200
14.25	13.12	26/02/2017	23.5	34.8	13	200
14.25	13.12	27/02/2017	24.3	36.5	14	200
14.25	13.12	28/02/2017	26.1	38	15.5	200
14.25	13.12	01/03/2017	28.4	38.8	18	200
14.25	13.12	02/03/2017	28.2	37.6	19	200
14.25	13.12	03/03/2017	26.3	36.5	17.5	200
14.25	13.12	04/03/2017	27.1	37	17.3	200
14.25	13.12	05/03/2017	25.5	39.2	15.4	200
14.25	13.12	06/03/2017	27.8	39.5	16	200
14.25	13.12	07/03/2017	29	38.2	19	200
14.25	13.12	08/03/2017	28.1	36.6	20	200
14.25	13.12	09/03/2017	26.2	36	16	200
14.25	13.12	10/03/2017	24.6	31.8	18	200
14.25	13.12	11/03/2017	24.6	33.7	16.5	200
14.25	13.12	12/03/2017	24.6	34.5	17.5	200
14.25	13.12	13/03/2017	26.6	35	19	200
14.25	13.12	14/03/2017	28.2	35	23	200
14.25	13.12	15/03/2017	27.2	35.6	19.8	200
14.25	13.12	16/03/2017	26.7	36.6	17.4	200
14.25	13.12	17/03/2017	28.1	40	17.5	200
14.25	13.12	18/03/2017	28.2	40	17.9	200
14.25	13.12	19/03/2017	28.5	36	21.4	200
14.25	13.12	20/03/2017	28.2	37.5	18	200
14.25	13.12	21/03/2017	29.1	39.5	20.5	200
14.25	13.12	22/03/2017	30.2	42.5	18.4	200
14.25	13.12	23/03/2017	29.6	42	21.5	200
14.25	13.12	24/03/2017	31.1	41	22	200
14.25	13.12	25/03/2017	30.5	40	19.5	200
14.25	13.12	26/03/2017	29.7	37.8	22	200
14.25	13.12	27/03/2017	28.3	38.5	18.8	200
14.25	13.12	28/03/2017	28.2	38	18	200
14.25	13.12	29/03/2017	30.1	40.5	19.2	200
14.25	13.12	30/03/2017	31	41.5	21.5	200
14.25	13.12	31/03/2017	31.9	41.6	20	200
14.25	13.12	01/04/2017	30.8	37.2	25	200
14.25	13.12	02/04/2017	30.4	38.5	23	200
14.25	13.12	03/04/2017	30.8	38.5	23.5	200
14.25	13.12	04/04/2017	31.3	40.2	23.5	200
14.25	13.12	05/04/2017	33.1	41.8	24.5	200
14.25	13.12	06/04/2017	32.3	39.8	24.5	200
14.25	13.12	07/04/2017	33.9	44	23.6	200
14.25	13.12	08/04/2017	36.3	44.5	30.5	200
14.25	13.12	09/04/2017	35.3	44	28	200
14.25	13.12	10/04/2017	36.4	44.6	29.5	200
14.25	13.12	11/04/2017	34.9	43.8	27.8	200
14.25	13.12	12/04/2017	31.7	40	24	200
14.25	13.12	13/04/2017	31.2	38.7	25.5	200
14.25	13.12	14/04/2017	29.4	36	24	200
14.25	13.12	15/04/2017	30.3	37.8	24	200
14.25	13.12	16/04/2017	30.8	38	25	200
14.25	13.12	17/04/2017	31.6	39.5	24	200
14.25	13.12	18/04/2017	32.3	41	23	200
14.25	13.12	19/04/2017	32.3	41.1	24	200
14.25	13.12	20/04/2017	32.5	41	22.5	200
14.25	13.12	21/04/2017	33.5	42	26	200
14.25	13.12	22/04/2017	33.3	43.5	24	200
14.25	13.12	23/04/2017	33.7	43	25	200
14.25	13.12	24/04/2017	34.3	43	27	200
14.25	13.12	25/04/2017	34	43.7	26.5	200
14.25	13.12	26/04/2017	34.1	43	26	200
14.25	13.12	27/04/2017	35.2	43.5	28	200
14.25	13.12	28/04/2017	32.9	44.2	22.5	200
14.25	13.12	29/04/2017	33.2	44.5	21	200
14.25	13.12	30/04/2017	34.1	45	24.5	200
14.25	13.12	01/05/2017	33.9	45.4	22	200
14.25	13.12	02/05/2017	33.7	45	24	200
14.25	13.12	03/05/2017	33.7	45.2	22.8	200
14.25	13.12	04/05/2017	34.5	44.4	27.4	200
14.25	13.12	05/05/2017	35.7	45.5	28.2	200
14.25	13.12	06/05/2017	34.6	45	23.5	200
14.25	13.12	07/05/2017	34.9	43.5	26.6	200
14.25	13.12	08/05/2017	35.9	44.5	27	200
14.25	13.12	09/05/2017	33.2	40.6	26.6	200
14.25	13.12	10/05/2017	31.3	42.2	25.3	200
14.25	13.12	11/05/2017	32.6	41.6	24	200
14.25	13.12	12/05/2017	34.6	44.5	24.8	200
14.25	13.12	13/05/2017	34.7	44.5	27	200
14.25	13.12	14/05/2017	33.6	41.6	26.2	200
14.25	13.12	15/05/2017	35.1	43.3	27.2	200
14.25	13.12	16/05/2017	33.3	42.6	24.8	200
14.25	13.12	17/05/2017	35.7	43.5	27.5	200
14.25	13.12	18/05/2017	35.6	43.5	25.5	200
14.25	13.12	19/05/2017	36.2	44.5	28.5	200
14.25	13.12	20/05/2017	38.1	44.4	26.6	200
14.25	13.12	21/05/2017	35.9	43	28	200
14.25	13.12	22/05/2017	34.9	43	28	200
14.25	13.12	23/05/2017	34.4	43.5	23.4	200
14.25	13.12	24/05/2017	35	43.3	28	200
14.25	13.12	25/05/2017	33.7	39	28.6	200
14.25	13.12	26/05/2017	35.7	43.5	30.5	200
14.25	13.12	27/05/2017	34.5	44	26.5	200
14.25	13.12	28/05/2017	34.9	45.2	22.5	200
14.25	13.12	29/05/2017	35.9	46.2	23.2	200
14.25	13.12	30/05/2017	36.3	43.8	31	200
14.25	13.12	31/05/2017	33.3	39.5	27.6	200
14.25	13.12	01/06/2017	35.3	41.4	29.5	200
14.25	13.12	02/06/2017	35.1	43.3	29.5	200
14.25	13.12	03/06/2017	33.8	41.2	27	200
14.25	13.12	04/06/2017	32.7	40	26.4	200
14.25	13.12	05/06/2017	34.2	41.5	26	200
14.25	13.12	06/06/2017	36.2	43.2	29	200
14.25	13.12	07/06/2017	33.2	38.5	29	200
14.25	13.12	08/06/2017	33.2	41	27	200
14.25	13.12	09/06/2017	37.3	44.2	30.5	200
14.25	13.12	10/06/2017	36.7	45	30.5	200
14.25	13.12	11/06/2017	36.4	43.5	28.5	200
14.25	13.12	12/06/2017	35.8	43	28.5	200
14.25	13.12	13/06/2017	28.7	33.6	23.5	200
14.25	13.12	14/06/2017	31.4	37.5	26	200
14.25	13.12	15/06/2017	34.4	42.6	28	200
14.25	13.12	16/06/2017	38.1	46.2	30.5	200
14.25	13.12	17/06/2017	33.8	40.5	29.35	200
14.25	13.12	18/06/2017	33.1	40	28.2	200
14.25	13.12	19/06/2017	33	39.5	27	200
14.25	13.12	20/06/2017	34.6	41	28	200
14.25	13.12	21/06/2017	26.1	36.6	25.3	200
14.25	13.12	22/06/2017	28.6	34.8	22.6	200
14.25	13.12	23/06/2017	31.3	38.7	24.2	200
14.25	13.12	24/06/2017	30.6	35	23	200
14.25	13.12	25/06/2017	31.3	38.6	25.5	200
14.25	13.12	26/06/2017	32.8	40.7	28	200
14.25	13.12	27/06/2017	34.9	42.8	27	200
14.25	13.12	28/06/2017	32.2	37	27.6	200
14.25	13.12	29/06/2017	33.5	40.6	27.2	200
14.25	13.12	30/06/2017	36.4	42.1	29	200
14.25	13.12	01/07/2017	34.7	41	27.5	200
14.25	13.12	02/07/2017	33.7	39	29	200
14.25	13.12	03/07/2017	34.1	40	28.5	200
14.25	13.12	04/07/2017	34.5	41	28.1	200
14.25	13.12	05/07/2017	31.1	34.5	29	200
14.25	13.12	06/07/2017	31.7	38.2	24.6	200
14.25	13.12	07/07/2017	32.2	38.2	27.6	200
14.25	13.12	08/07/2017	28.3	35	25.1	200
14.25	13.12	09/07/2017	27.7	32.5	22.6	200
14.25	13.12	10/07/2017	29.3	34.2	24.6	200
14.25	13.12	11/07/2017	30.8	36.5	26	200
14.25	13.12	12/07/2017	31.6	38	25.4	200
14.25	13.12	13/07/2017	32.1	39	26	200
14.25	13.12	14/07/2017	30.5	36.8	24	200
14.25	13.12	15/07/2017	30.1	36.8	26.5	200
14.25	13.12	16/07/2017	32.3	37.5	27.6	200
14.25	13.12	17/07/2017	31.9	37.2	27.5	200
14.25	13.12	18/07/2017	26.7	32.3	26	200
14.25	13.12	19/07/2017	30.3	36.6	24.5	200
14.25	13.12	20/07/2017	33	39.3	27	200
14.25	13.12	21/07/2017	34.2	40	27.5	200
14.25	13.12	22/07/2017	31.6	37.4	25.2	200
14.25	13.12	23/07/2017	32.7	38.2	26.5	200
14.25	13.12	24/07/2017	31.8	37	28	200
14.25	13.12	25/07/2017	30.2	35.8	25.8	200
14.25	13.12	26/07/2017	30.8	38.6	25.15	200
14.25	13.12	27/07/2017	30.5	37	24.5	200
14.25	13.12	28/07/2017	32.4	39.7	26.5	200
14.25	13.12	29/07/2017	31.1	37.5	24.5	200
14.25	13.12	30/07/2017	32.4	38.8	27.5	200
14.25	13.12	31/07/2017	31	35.4	27	200
14.25	13.12	01/08/2017	31.9	39	24.5	200
14.25	13.12	02/08/2017	33.2	40	26.2	200
14.25	13.12	03/08/2017	31.8	41.5	24.35	200
14.25	13.12	04/08/2017	29.9	36.8	22.5	200
14.25	13.12	05/08/2017	30.9	37.1	25	200
14.25	13.12	06/08/2017	28.6	36.5	24.5	200
14.25	13.12	07/08/2017	28.6	34.5	24	200
14.25	13.12	08/08/2017	29.9	35.5	26.5	200
14.25	13.12	09/08/2017	28.6	33	24	200
14.25	13.12	10/08/2017	31.3	38.5	25	200
14.25	13.12	11/08/2017	33.5	40.8	26.5	200
14.25	13.12	12/08/2017	31.8	38.5	27.4	200
14.25	13.12	13/08/2017	30	37.5	26.7	200
14.25	13.12	14/08/2017	31.4	38	26	200
14.25	13.12	15/08/2017	32	39.25	28	200
14.25	13.12	16/08/2017	31.4	40.5	27.5	200
14.25	13.12	17/08/2017	29.1	36.5	25	200
14.25	13.12	18/08/2017	27.4	31	22.5	200
14.25	13.12	19/08/2017	30.1	35.4	25	200
14.25	13.12	20/08/2017	31.3	38	24.25	200
14.25	13.12	21/08/2017	26.6	32.5	23.5	200
14.25	13.12	22/08/2017	28.3	33	23	200
14.25	13.12	23/08/2017	32.3	38	26	200
14.25	13.12	24/08/2017	33.9	41.8	27.8	200
14.25	13.12	25/08/2017	33.6	41.5	25.5	200
14.25	13.12	26/08/2017	32.6	38.5	26.8	200
14.25	13.12	27/08/2017	33.3	39	29.5	200
14.25	13.12	28/08/2017	33.5	41	27	200
14.25	13.12	29/08/2017	28.6	32.5	25.9	200
14.25	13.12	30/08/2017	28.3	33.5	24.8	200
14.25	13.12	31/08/2017	29.9	36	23	200
14.25	13.12	01/09/2017	33.2	40	26.6	200
14.25	13.12	02/09/2017	34.6	42.2	28.5	200
14.25	13.12	03/09/2017	33.8	41.5	26.6	200
14.25	13.12	04/09/2017	27.3	32.1	21.5	200
14.25	13.12	05/09/2017	30.7	37.5	25	200
14.25	13.12	06/09/2017	32.7	40.3	25	200
14.25	13.12	07/09/2017	31.7	38.3	25	200
14.25	13.12	08/09/2017	31.7	38	24.5	200
14.25	13.12	09/09/2017	32.4	41	24	200
14.25	13.12	10/09/2017	32.4	41.2	25.5	200
14.25	13.12	11/09/2017	32.9	39.6	25.6	200
14.25	13.12	12/09/2017	34.2	42.6	26.6	200
14.25	13.12	13/09/2017	33.2	41.6	24.5	200
14.25	13.12	14/09/2017	32.8	38.6	26	200
14.25	13.12	15/09/2017	26.2	36.6	26.25	200
14.25	13.12	16/09/2017	29.9	36	26.25	200
14.25	13.12	17/09/2017	32.8	40.6	26.5	200
14.25	13.12	18/09/2017	32.6	39.5	25.6	200
14.25	13.12	19/09/2017	31.7	39.5	26.5	200
14.25	13.12	20/09/2017	29.5	40.5	23.25	200
14.25	13.12	21/09/2017	30.6	40.25	20	200
14.25	13.12	22/09/2017	30.7	40	25.5	200
14.25	13.12	23/09/2017	32.3	40.5	24.2	200
14.25	13.12	24/09/2017	32.4	42	22	200
14.25	13.12	25/09/2017	32.9	41.5	24.5	200
14.25	13.12	26/09/2017	30.6	39.7	21.5	200
14.25	13.12	27/09/2017	30.6	39.6	21	200
14.25	13.12	28/09/2017	32.6	41.5	23.2	200
14.25	13.12	29/09/2017	33.5	43	24	200
14.25	13.12	30/09/2017	31.3	39.7	24	200
14.25	13.12	01/10/2017	32.2	42	22	200
14.25	13.12	02/10/2017	33.6	42.5	23	200
14.25	13.12	03/10/2017	33.3	41	25.5	200
14.25	13.12	04/10/2017	33.1	40.5	25	200
14.25	13.12	05/10/2017	32.3	41.7	24.5	200
14.25	13.12	06/10/2017	32.7	41.1	24.2	200
14.25	13.12	07/10/2017	32.8	41.6	24	200
14.25	13.12	08/10/2017	31.1	41	21.2	200
14.25	13.12	09/10/2017	31.9	41.6	22	200
14.25	13.12	10/10/2017	32.8	42	22	200
14.25	13.12	11/10/2017	34	41.5	26.6	200
14.25	13.12	12/10/2017	30.8	38.6	22	200
14.25	13.12	13/10/2017	30.7	38.7	22.6	200
14.25	13.12	14/10/2017	30.2	37.5	21.5	200
14.25	13.12	15/10/2017	30.4	37	23	200
14.25	13.12	16/10/2017	29.9	37	24	200
14.25	13.12	17/10/2017	29.9	37	23	200
14.25	13.12	18/10/2017	29.3	36	22.5	200
14.25	13.12	19/10/2017	28.7	36.6	21	200
14.25	13.12	20/10/2017	29.3	37.5	21.4	200
14.25	13.12	21/10/2017	28.6	37.6	20	200
14.25	13.12	22/10/2017	29.3	38.4	20	200
14.25	13.12	23/10/2017	29.1	39	19	200
14.25	13.12	24/10/2017	28.2	39	19.5	200
14.25	13.12	25/10/2017	29.1	38	19.5	200
14.25	13.12	26/10/2017	29.6	35.8	23	200
14.25	13.12	27/10/2017	28.4	34.8	20.8	200
14.25	13.12	28/10/2017	29.9	37	23	200
14.25	13.12	29/10/2017	29.7	37	22	200
14.25	13.12	30/10/2017	28.2	35.4	22	200
14.25	13.12	31/10/2017	28.1	36	21	200
14.25	13.12	01/11/2017	28.5	36	20.5	200
14.25	13.12	02/11/2017	29.4	35.75	21.5	200
14.25	13.12	03/11/2017	28.6	35.5	19.5	200
14.25	13.12	04/11/2017	27	34	20.9	200
14.25	13.12	05/11/2017	25.7	33.5	17.2	200
14.25	13.12	06/11/2017	25.5	33	17	200
14.25	13.12	07/11/2017	26.2	34	17	200
14.25	13.12	08/11/2017	27.2	35	18.5	200
14.25	13.12	09/11/2017	26.7	34.6	17.5	200
14.25	13.12	10/11/2017	25.7	34.5	15.5	200
14.25	13.12	11/11/2017	24.4	33.8	15	200
14.25	13.12	12/11/2017	25.2	35.5	14.5	200
14.25	13.12	13/11/2017	25.7	34.5	16.8	200
14.25	13.12	14/11/2017	26.9	37	17	200
14.25	13.12	15/11/2017	28.4	37.8	18.5	200
14.25	13.12	16/11/2017	29.1	37.6	20.5	200
14.25	13.12	17/11/2017	29.2	37.6	20.8	200
14.25	13.12	18/11/2017	29.3	38.5	19.5	200
14.25	13.12	19/11/2017	29.8	38.6	20.5	200
14.25	13.12	20/11/2017	28.7	36.8	21	200
14.25	13.12	21/11/2017	26.3	35.6	19.4	200
14.25	13.12	22/11/2017	24.9	33.2	18.5	200
14.25	13.12	23/11/2017	24.1	32.2	14.4	200
14.25	13.12	24/11/2017	23.6	31.2	15.4	200
14.25	13.12	25/11/2017	24.6	32.6	15	200
14.25	13.12	26/11/2017	24.2	33	15	200
14.25	13.12	27/11/2017	25.2	33.5	16.4	200
14.25	13.12	28/11/2017	24.9	32.5	17.4	200
14.25	13.12	29/11/2017	24.8	31.9	15	200
14.25	13.12	30/11/2017	23.9	31.6	16.5	200
14.25	13.12	01/12/2017	23	31.8	14.5	200
14.25	13.12	02/12/2017	24.2	33.5	14.4	200
14.25	13.12	03/12/2017	25.1	34.5	16	200
14.25	13.12	04/12/2017	24.1	33.5	14	200
14.25	13.12	05/12/2017	25.2	33.5	16	200
14.25	13.12	06/12/2017	25.4	32	18.5	200
14.25	13.12	07/12/2017	23.1	27.5	18.4	200
14.25	13.12	08/12/2017	21.9	28.4	15	200
14.25	13.12	09/12/2017	20.7	28	15	200
14.25	13.12	10/12/2017	21.7	28.5	15	200
14.25	13.12	11/12/2017	20.3	30.85	14.8	200
14.25	13.12	12/12/2017	24.9	33.2	17.5	200
14.25	13.12	13/12/2017	26.4	34.5	18.5	200
14.25	13.12	14/12/2017	28.1	36.5	21.5	200
14.25	13.12	15/12/2017	25	32.4	17.6	200
14.25	13.12	16/12/2017	23.4	32.2	14.4	200
14.25	13.12	17/12/2017	23.4	32.8	14.6	200
14.25	13.12	18/12/2017	22.8	34	10.6	200
14.25	13.12	19/12/2017	24.1	35.4	12.4	200
14.25	13.12	20/12/2017	26.2	38	15	200
14.25	13.12	21/12/2017	26.9	37.4	17.2	200
14.25	13.12	22/12/2017	25.2	35.6	19.5	200
14.25	13.12	23/12/2017	21.7	27.4	15.5	200
14.25	13.12	24/12/2017	20.7	27.3	15	200
14.25	13.12	25/12/2017	21.9	27.2	16.5	200
14.25	13.12	26/12/2017	21.7	28.2	14.8	200
14.25	13.12	27/12/2017	20.7	28.5	12.6	200
14.25	13.12	28/12/2017	20.6	29	11.5	200
14.25	13.12	29/12/2017	20.1	28.5	12	200
14.25	13.12	30/12/2017	21.4	29	12	200
14.25	13.12	31/12/2017	21.1	27.8	13.1	200
