LATITUDE	LONGITUDE	Date	Tavg	Tmax	Tmin	Rainfall
20.933	-17.033	01/01/2017	21	25.8	16.7	18
20.933	-17.033	02/01/2017	20.7	26.2	16.7	18
20.933	-17.033	03/01/2017	20.4	25.8	15.9	18
20.933	-17.033	04/01/2017	20.9	25.4	16.9	18
20.933	-17.033	05/01/2017	20	24.7	17.9	18
20.933	-17.033	06/01/2017	18.4	24.6	18.1	18
20.933	-17.033	07/01/2017	19.8	24.5	18.1	18
20.933	-17.033	08/01/2017	20.4	26.6	18.1	18
20.933	-17.033	09/01/2017	22.7	28.4	18.3	18
20.933	-17.033	10/01/2017	22.9	26.4	16.55	18
20.933	-17.033	11/01/2017	19.1	24.4	16.55	18
20.933	-17.033	12/01/2017	18.3	25.7	16.55	18
20.933	-17.033	13/01/2017	19	24.1	14.8	18
20.933	-17.033	14/01/2017	18.4	23.9	14.4	18
20.933	-17.033	15/01/2017	17.9	24.4	14.4	18
20.933	-17.033	16/01/2017	18.4	26.7	14.4	18
20.933	-17.033	17/01/2017	20.1	29.3	14.4	18
20.933	-17.033	18/01/2017	19.3	26.7	14.4	18
20.933	-17.033	19/01/2017	17.8	26.7	14	18
20.933	-17.033	20/01/2017	18.4	26.7	14.8	18
20.933	-17.033	21/01/2017	19.1	26.7	15.3	18
20.933	-17.033	22/01/2017	18.6	24.1	15.8	18
20.933	-17.033	23/01/2017	17.7	22.7	15.15	18
20.933	-17.033	24/01/2017	17.7	24	14.5	18
20.933	-17.033	25/01/2017	17.7	24.7	14.25	18
20.933	-17.033	26/01/2017	17.6	26.5	14.25	18
20.933	-17.033	27/01/2017	19.5	26.9	14	18
20.933	-17.033	28/01/2017	18.5	26.9	13.6	18
20.933	-17.033	29/01/2017	18.1	27.3	14.6	18
20.933	-17.033	30/01/2017	17.7	23.4	14.6	18
20.933	-17.033	31/01/2017	18.2	24.8	15.6	18
20.933	-17.033	01/02/2017	18.8	25.15	15.6	18
20.933	-17.033	02/02/2017	18.2	25.5	15.5	18
20.933	-17.033	03/02/2017	19.5	27.55	15.4	18
20.933	-17.033	04/02/2017	21.1	29.6	15.8	18
20.933	-17.033	05/02/2017	21.4	29.7	15.8	18
20.933	-17.033	06/02/2017	20.6	29.8	15.8	18
20.933	-17.033	07/02/2017	21.1	30.2	14.6	18
20.933	-17.033	08/02/2017	20.9	30.2	15.7	18
20.933	-17.033	09/02/2017	20	30	15.35	18
20.933	-17.033	10/02/2017	17.9	26.1	15.35	18
20.933	-17.033	11/02/2017	17.4	21.6	15.35	18
20.933	-17.033	12/02/2017	18.2	22.2	15.35	18
20.933	-17.033	13/02/2017	18.6	23	15.35	18
20.933	-17.033	14/02/2017	19	24.8	15.35	18
20.933	-17.033	15/02/2017	18.6	26.05	15	18
20.933	-17.033	16/02/2017	19	26.05	15.75	18
20.933	-17.033	17/02/2017	19.7	27.3	16.5	18
20.933	-17.033	18/02/2017	21.5	31.2	14.2	18
20.933	-17.033	19/02/2017	19.7	27.3	14.2	18
20.933	-17.033	20/02/2017	18.2	24.4	14.2	18
20.933	-17.033	21/02/2017	18.2	24.1	14.2	18
20.933	-17.033	22/02/2017	18.3	24	11.9	18
20.933	-17.033	23/02/2017	19	25.7	13.95	18
20.933	-17.033	24/02/2017	19.8	26.55	13.95	18
20.933	-17.033	25/02/2017	19.8	27.4	16	18
20.933	-17.033	26/02/2017	19.4	26.9	15.8	18
20.933	-17.033	27/02/2017	19.1	28	15.9	18
20.933	-17.033	28/02/2017	18.8	25.2	16	18
20.933	-17.033	01/03/2017	18.7	22.4	16.6	18
20.933	-17.033	02/03/2017	18.6	22	17.2	18
20.933	-17.033	03/03/2017	19.4	24.5	17.2	18
20.933	-17.033	04/03/2017	19.8	26	17.2	18
20.933	-17.033	05/03/2017	20.4	29	17.2	18
20.933	-17.033	06/03/2017	20.3	28.5	17.8	18
20.933	-17.033	07/03/2017	22.4	31.5	17.6	18
20.933	-17.033	08/03/2017	25.4	33.5	17.9	18
20.933	-17.033	09/03/2017	26.1	35.5	17.2	18
20.933	-17.033	10/03/2017	27.7	35.35	17.2	18
20.933	-17.033	11/03/2017	27.2	35.2	17.2	18
20.933	-17.033	12/03/2017	26.4	35	17.2	18
20.933	-17.033	13/03/2017	24	34.8	17.2	18
20.933	-17.033	14/03/2017	21.7	30.7	17.2	18
20.933	-17.033	15/03/2017	20.2	26.8	16.5	18
20.933	-17.033	16/03/2017	18.9	24.85	16.6	18
20.933	-17.033	17/03/2017	19.1	22.9	16.75	18
20.933	-17.033	18/03/2017	18.6	22	16.75	18
20.933	-17.033	19/03/2017	19.2	22.9	16.9	18
20.933	-17.033	20/03/2017	19.4	26.3	16.4	18
20.933	-17.033	21/03/2017	20.1	26.15	16.4	18
20.933	-17.033	22/03/2017	18.7	26	16.4	18
20.933	-17.033	23/03/2017	19.1	26.9	15.9	18
20.933	-17.033	24/03/2017	19.6	28.8	15.8	18
20.933	-17.033	25/03/2017	18.9	24.5	17	18
20.933	-17.033	26/03/2017	18.5	23.5	16.95	18
20.933	-17.033	27/03/2017	19.7	25.6	16.9	18
20.933	-17.033	28/03/2017	22.1	30.3	18.6	18
20.933	-17.033	29/03/2017	22.3	32.7	17.7	18
20.933	-17.033	30/03/2017	20.8	30.8	19.8	18
20.933	-17.033	31/03/2017	21.3	29.1	19.8	18
20.933	-17.033	01/04/2017	24.1	36.4	19.8	18
20.933	-17.033	02/04/2017	26.2	35.7	21.9	18
20.933	-17.033	03/04/2017	22.1	27.6	21.25	18
20.933	-17.033	04/04/2017	20.4	25.4	21.25	18
20.933	-17.033	05/04/2017	19.9	27.6	21.25	18
20.933	-17.033	06/04/2017	18.7	24.4	21.25	18
20.933	-17.033	07/04/2017	18.8	22.6	21.25	18
20.933	-17.033	08/04/2017	18.6	22.9	21.25	18
20.933	-17.033	09/04/2017	19.4	24.8	21.25	18
20.933	-17.033	10/04/2017	20.9	28.6	21.25	18
20.933	-17.033	11/04/2017	22.6	32.4	21.25	18
20.933	-17.033	12/04/2017	25.4	34.8	20.6	18
20.933	-17.033	13/04/2017	25.4	35.65	20.35	18
20.933	-17.033	14/04/2017	26.8	36.5	20.1	18
20.933	-17.033	15/04/2017	28.2	36.3	18.95	18
20.933	-17.033	16/04/2017	26.3	36.1	18.95	18
20.933	-17.033	17/04/2017	20.6	30.3	18.95	18
20.933	-17.033	18/04/2017	20.6	24.5	18.95	18
20.933	-17.033	19/04/2017	20.5	24.3	18.95	18
20.933	-17.033	20/04/2017	20.8	24.5	18.95	18
20.933	-17.033	21/04/2017	20.7	25.4	18.95	18
20.933	-17.033	22/04/2017	20.9	28.7	18.95	18
20.933	-17.033	23/04/2017	20.5	28	17.8	18
20.933	-17.033	24/04/2017	20.3	26.1	17.6	18
20.933	-17.033	25/04/2017	19.9	25.8	18.65	18
20.933	-17.033	26/04/2017	20.6	27	18.65	18
20.933	-17.033	27/04/2017	21.4	26.3	18.65	18
20.933	-17.033	28/04/2017	21.1	25.6	18.65	18
20.933	-17.033	29/04/2017	22	26.3	19.7	18
20.933	-17.033	30/04/2017	22.1	28.7	19.35	18
20.933	-17.033	01/05/2017	22.1	31.2	19.35	18
20.933	-17.033	02/05/2017	20.2	25.4	19.35	18
20.933	-17.033	03/05/2017	19.6	23.6	19.35	18
20.933	-17.033	04/05/2017	20.5	25.3	19.35	18
20.933	-17.033	05/05/2017	20.9	25.5	19.35	18
20.933	-17.033	06/05/2017	21.3	26.2	19.35	18
20.933	-17.033	07/05/2017	21.9	29.4	19.35	18
20.933	-17.033	08/05/2017	23.6	32.3	19.35	18
20.933	-17.033	09/05/2017	23.2	29.6	19.35	18
20.933	-17.033	10/05/2017	22.4	27.4	19.35	18
20.933	-17.033	11/05/2017	21.5	26.8	19.35	18
20.933	-17.033	12/05/2017	21.4	26.2	19.35	18
20.933	-17.033	13/05/2017	22.3	29.6	19.35	18
20.933	-17.033	14/05/2017	24.3	35	19.35	18
20.933	-17.033	15/05/2017	24.5	35.2	19.35	18
20.933	-17.033	16/05/2017	23.1	29.9	19.35	18
20.933	-17.033	17/05/2017	22	26.5	19.35	18
20.933	-17.033	18/05/2017	21.6	29.4	19	18
20.933	-17.033	19/05/2017	20.6	25	18.8	18
20.933	-17.033	20/05/2017	20.7	24.6	18.8	18
20.933	-17.033	21/05/2017	21.3	26.1	18.8	18
20.933	-17.033	22/05/2017	21.7	27.6	18.8	18
20.933	-17.033	23/05/2017	22.2	29.7	18.8	18
20.933	-17.033	24/05/2017	21.9	29	18.8	18
20.933	-17.033	25/05/2017	21.6	28.4	18.8	18
20.933	-17.033	26/05/2017	21.6	27.4	18.6	18
20.933	-17.033	27/05/2017	21.4	28.55	19.2	18
20.933	-17.033	28/05/2017	21.8	29.7	19.2	18
20.933	-17.033	29/05/2017	22.1	26.4	19.2	18
20.933	-17.033	30/05/2017	23.3	31.1	19.8	18
20.933	-17.033	31/05/2017	22.2	30.2	18.65	18
20.933	-17.033	01/06/2017	21.6	26.7	18.65	18
20.933	-17.033	02/06/2017	21.7	26.6	18.65	18
20.933	-17.033	03/06/2017	21.6	26.5	17.5	18
20.933	-17.033	04/06/2017	21.7	29	18.25	18
20.933	-17.033	05/06/2017	21.3	28.5	18.25	18
20.933	-17.033	06/06/2017	21.1	29	18.25	18
20.933	-17.033	07/06/2017	22	31.6	18.25	18
20.933	-17.033	08/06/2017	22.6	31.4	18.25	18
20.933	-17.033	09/06/2017	21.5	28.9	18.25	18
20.933	-17.033	10/06/2017	20.6	24.8	18.25	18
20.933	-17.033	11/06/2017	21.4	27.1	18.25	18
20.933	-17.033	12/06/2017	21.1	25.8	19	18
20.933	-17.033	13/06/2017	20.9	25.6	19.25	18
20.933	-17.033	14/06/2017	21.8	28.4	19.25	18
20.933	-17.033	15/06/2017	22.5	29	19.25	18
20.933	-17.033	16/06/2017	22	28.2	19.25	18
20.933	-17.033	17/06/2017	21.3	27	19.25	18
20.933	-17.033	18/06/2017	21.7	25.8	19.25	18
20.933	-17.033	19/06/2017	22.4	26.1	19.5	18
20.933	-17.033	20/06/2017	22.6	26.4	19.75	18
20.933	-17.033	21/06/2017	23.2	28.6	20	18
20.933	-17.033	22/06/2017	24.8	28.6	22.2	18
20.933	-17.033	23/06/2017	26.6	30.8	23	18
20.933	-17.033	24/06/2017	23.6	30.7	21	18
20.933	-17.033	25/06/2017	24.4	30.6	21	18
20.933	-17.033	26/06/2017	23.9	30.7	21	18
20.933	-17.033	27/06/2017	24.6	30.7	20.35	18
20.933	-17.033	28/06/2017	25.9	30.8	20.35	18
20.933	-17.033	29/06/2017	23.7	30.45	20.35	18
20.933	-17.033	30/06/2017	24.2	30.45	20.35	18
20.933	-17.033	01/07/2017	22.7	30.1	19.7	18
20.933	-17.033	02/07/2017	23.5	31	18.5	18
20.933	-17.033	03/07/2017	24.3	29.6	19.25	18
20.933	-17.033	04/07/2017	22.8	27.5	20	18
20.933	-17.033	05/07/2017	21.9	26.4	19.9	18
20.933	-17.033	06/07/2017	22.4	26.4	20.45	18
20.933	-17.033	07/07/2017	23.7	26.4	20.45	18
20.933	-17.033	08/07/2017	24.4	26.4	20.45	18
20.933	-17.033	09/07/2017	22.7	26.4	20.45	18
20.933	-17.033	10/07/2017	22.3	26.4	20.45	18
20.933	-17.033	11/07/2017	22.3	26.4	20.45	18
20.933	-17.033	12/07/2017	22.4	26.4	20.45	18
20.933	-17.033	13/07/2017	21.8	26.4	20.45	18
20.933	-17.033	14/07/2017	22.2	26.4	20.45	18
20.933	-17.033	15/07/2017	22.1	26.4	20.45	18
20.933	-17.033	16/07/2017	22.1	26.4	20.45	18
20.933	-17.033	17/07/2017	22.7	26.4	20.45	18
20.933	-17.033	18/07/2017	22.2	26.4	20.45	18
20.933	-17.033	19/07/2017	22.2	26.4	20.45	18
20.933	-17.033	20/07/2017	22.8	26.4	20.45	18
20.933	-17.033	21/07/2017	22.1	26.4	20.45	18
20.933	-17.033	22/07/2017	21.9	26.4	20.45	18
20.933	-17.033	23/07/2017	22	26.4	20.45	18
20.933	-17.033	24/07/2017	22.5	26.4	20.45	18
20.933	-17.033	25/07/2017	22.2	26.4	20.45	18
20.933	-17.033	26/07/2017	22.4	25.3	20.45	18
20.933	-17.033	27/07/2017	22.6	26	20.45	18
20.933	-17.033	28/07/2017	24.3	30.2	21	18
20.933	-17.033	29/07/2017	24.3	28.7	21	18
20.933	-17.033	30/07/2017	25.4	35	21	18
20.933	-17.033	31/07/2017	23.4	27.1	21	18
20.933	-17.033	01/08/2017	22.7	27.2	21	18
20.933	-17.033	02/08/2017	23.1	28.15	21	18
20.933	-17.033	03/08/2017	23.1	29.1	21	18
20.933	-17.033	04/08/2017	22.2	26	21	18
20.933	-17.033	05/08/2017	22.4	25.7	21	18
20.933	-17.033	06/08/2017	22.9	26.4	21	18
20.933	-17.033	07/08/2017	23.4	26	21.8	18
20.933	-17.033	08/08/2017	23.9	27.2	21.85	18
20.933	-17.033	09/08/2017	24.2	27.4	21.85	18
20.933	-17.033	10/08/2017	24.2	27.3	21.85	18
20.933	-17.033	11/08/2017	25	29.1	21.85	18
20.933	-17.033	12/08/2017	26.3	29.05	21.85	18
20.933	-17.033	13/08/2017	24.3	29	21.9	18
20.933	-17.033	14/08/2017	25.2	31.85	22.6	18
20.933	-17.033	15/08/2017	23	31.85	22.2	18
20.933	-17.033	16/08/2017	24.8	34.7	21.8	18
20.933	-17.033	17/08/2017	23.3	27.1	21.85	18
20.933	-17.033	18/08/2017	23.1	26.1	21.9	18
20.933	-17.033	19/08/2017	24.6	32	21.6	18
20.933	-17.033	20/08/2017	27.1	32	23.3	18
20.933	-17.033	21/08/2017	27.6	33.6	22.95	18
20.933	-17.033	22/08/2017	23.7	26.5	22.95	18
20.933	-17.033	23/08/2017	24.1	27.2	22.95	18
20.933	-17.033	24/08/2017	26.1	31.4	22.6	18
20.933	-17.033	25/08/2017	26.9	32.2	24.5	18
20.933	-17.033	26/08/2017	26.4	30.1	24.75	18
20.933	-17.033	27/08/2017	27.9	35.3	24.75	18
20.933	-17.033	28/08/2017	27.9	36.6	25	18
20.933	-17.033	29/08/2017	25.4	30.3	23.8	18
20.933	-17.033	30/08/2017	25.3	31.8	22.6	18
20.933	-17.033	31/08/2017	24.3	31.5	21.8	18
20.933	-17.033	01/09/2017	23.5	29	21.8	18
20.933	-17.033	02/09/2017	23.7	28.9	21	18
20.933	-17.033	03/09/2017	24.2	32	21.5	18
20.933	-17.033	04/09/2017	23.9	30.4	22	18
20.933	-17.033	05/09/2017	24.3	29.5	21.3	18
20.933	-17.033	06/09/2017	25.1	33	21.3	18
20.933	-17.033	07/09/2017	23.1	28.6	20.6	18
20.933	-17.033	08/09/2017	21.7	25	20	18
20.933	-17.033	09/09/2017	23.1	27.4	20.85	18
20.933	-17.033	10/09/2017	24.5	29.7	21.7	18
20.933	-17.033	11/09/2017	24.1	30.2	21.1	18
20.933	-17.033	12/09/2017	23.4	30.5	21.1	18
20.933	-17.033	13/09/2017	23.3	31	21.1	18
20.933	-17.033	14/09/2017	23.5	28.5	20.5	18
20.933	-17.033	15/09/2017	22.4	28.5	20.5	18
20.933	-17.033	16/09/2017	22.6	26	20.5	18
20.933	-17.033	17/09/2017	24.4	35	21	18
20.933	-17.033	18/09/2017	25.9	30.5	21.8	18
20.933	-17.033	19/09/2017	28.7	34.5	20	18
20.933	-17.033	20/09/2017	27.9	33.3	20	18
20.933	-17.033	21/09/2017	25.1	32.1	20	18
20.933	-17.033	22/09/2017	22.4	29.3	18.2	18
20.933	-17.033	23/09/2017	22	26.5	19	18
20.933	-17.033	24/09/2017	24.6	30	19.25	18
20.933	-17.033	25/09/2017	26.3	29.5	19.5	18
20.933	-17.033	26/09/2017	26.2	33.2	20.75	18
20.933	-17.033	27/09/2017	26.8	36.6	22	18
20.933	-17.033	28/09/2017	29.3	36.3	25.9	18
20.933	-17.033	29/09/2017	28.7	38	17	18
20.933	-17.033	30/09/2017	25.1	33.5	21.9	18
20.933	-17.033	01/10/2017	23.5	31.1	21	18
20.933	-17.033	02/10/2017	22.6	28.3	19.75	18
20.933	-17.033	03/10/2017	21	25.5	18.5	18
20.933	-17.033	04/10/2017	21.1	26.8	19.55	18
20.933	-17.033	05/10/2017	23.1	29.2	19.55	18
20.933	-17.033	06/10/2017	24.5	31.5	20.6	18
20.933	-17.033	07/10/2017	24.8	34	21.5	18
20.933	-17.033	08/10/2017	24.1	33.1	21.6	18
20.933	-17.033	09/10/2017	22.9	28.9	20.8	18
20.933	-17.033	10/10/2017	22.3	28.2	20.9	18
20.933	-17.033	11/10/2017	22.9	30.6	20.9	18
20.933	-17.033	12/10/2017	23.3	32	20.9	18
20.933	-17.033	13/10/2017	28.9	38.2	21	18
20.933	-17.033	14/10/2017	31.1	37.05	22.45	18
20.933	-17.033	15/10/2017	29.3	37.05	23.9	18
20.933	-17.033	16/10/2017	27.8	37.05	23.4	18
20.933	-17.033	17/10/2017	27.2	35.9	22.5	18
20.933	-17.033	18/10/2017	25.3	34.7	21.6	18
20.933	-17.033	19/10/2017	24.2	34.5	21.25	18
20.933	-17.033	20/10/2017	24.3	35.3	21.25	18
20.933	-17.033	21/10/2017	24	33.2	21.25	18
20.933	-17.033	22/10/2017	24.4	32.3	20.9	18
20.933	-17.033	23/10/2017	25.6	34.3	20.95	18
20.933	-17.033	24/10/2017	27.1	35.3	21	18
20.933	-17.033	25/10/2017	28.1	35.15	21.85	18
20.933	-17.033	26/10/2017	27	35.15	22.7	18
20.933	-17.033	27/10/2017	27.4	35	22.25	18
20.933	-17.033	28/10/2017	28.8	38.6	22.25	18
20.933	-17.033	29/10/2017	26.1	33.2	21.8	18
20.933	-17.033	30/10/2017	24.9	30.7	21.35	18
20.933	-17.033	31/10/2017	22.9	28.2	21.35	18
20.933	-17.033	01/11/2017	25	29.1	20.9	18
20.933	-17.033	02/11/2017	22.9	30	19.9	18
20.933	-17.033	03/11/2017	22.1	27.8	19.9	18
20.933	-17.033	04/11/2017	21.1	25.6	18.9	18
20.933	-17.033	05/11/2017	21.4	27.2	19	18
20.933	-17.033	06/11/2017	20.4	24.4	19.25	18
20.933	-17.033	07/11/2017	20.3	23.9	19.25	18
20.933	-17.033	08/11/2017	20.6	24.1	19.25	18
20.933	-17.033	09/11/2017	21.1	26.8	19.25	18
20.933	-17.033	10/11/2017	22.3	31.1	19.5	18
20.933	-17.033	11/11/2017	26.7	29.95	19.2	18
20.933	-17.033	12/11/2017	26.6	29.95	19.2	18
20.933	-17.033	13/11/2017	23.7	29.95	19.2	18
20.933	-17.033	14/11/2017	23	29.95	18.9	18
20.933	-17.033	15/11/2017	21.8	28.8	18.95	18
20.933	-17.033	16/11/2017	21.7	28.5	19	18
20.933	-17.033	17/11/2017	21.8	29.3	18	18
20.933	-17.033	18/11/2017	21.2	31.2	16.9	18
20.933	-17.033	19/11/2017	20.6	27	16.9	18
20.933	-17.033	20/11/2017	19.5	26.3	16.9	18
20.933	-17.033	21/11/2017	19.3	25.6	15.8	18
20.933	-17.033	22/11/2017	21.1	24.7	18.4	18
20.933	-17.033	23/11/2017	20.9	26.2	19.65	18
20.933	-17.033	24/11/2017	22.5	27.65	19.65	18
20.933	-17.033	25/11/2017	24.1	29.1	20.9	18
20.933	-17.033	26/11/2017	25.2	32.4	20.4	18
20.933	-17.033	27/11/2017	26.1	31.3	20.4	18
20.933	-17.033	28/11/2017	26.6	31.3	20.4	18
20.933	-17.033	29/11/2017	24.8	32.1	20.4	18
20.933	-17.033	30/11/2017	24.9	33.2	19.9	18
20.933	-17.033	01/12/2017	23.9	32.6	18.4	18
20.933	-17.033	02/12/2017	22.1	28.4	18.4	18
20.933	-17.033	03/12/2017	21.8	28.2	18.4	18
20.933	-17.033	04/12/2017	20.7	27.4	18.4	18
20.933	-17.033	05/12/2017	22.6	26.2	16.9	18
20.933	-17.033	06/12/2017	22.2	26.2	15.75	18
20.933	-17.033	07/12/2017	20.4	25	15.75	18
20.933	-17.033	08/12/2017	19.8	25	15.75	18
20.933	-17.033	09/12/2017	20.4	25	15.75	18
20.933	-17.033	10/12/2017	20.8	25	15.75	18
20.933	-17.033	11/12/2017	18.6	23.85	14.6	18
20.933	-17.033	12/12/2017	18.2	22.7	15.2	18
20.933	-17.033	13/12/2017	18.4	23.95	15.8	18
20.933	-17.033	14/12/2017	18.8	25.2	14.6	18
20.933	-17.033	15/12/2017	19.4	26.5	15.6	18
20.933	-17.033	16/12/2017	18.6	25.3	16.25	18
20.933	-17.033	17/12/2017	18.8	23.85	16.9	18
20.933	-17.033	18/12/2017	18.1	22.4	15.95	18
20.933	-17.033	19/12/2017	19.9	25.7	15.95	18
20.933	-17.033	20/12/2017	18.9	24.1	15.95	18
20.933	-17.033	21/12/2017	18.5	22.5	15	18
20.933	-17.033	22/12/2017	17.6	22.2	14.95	18
20.933	-17.033	23/12/2017	17.4	20.4	14.95	18
20.933	-17.033	24/12/2017	16.2	21.8	14.95	18
20.933	-17.033	25/12/2017	17.5	21.8	14.95	18
20.933	-17.033	26/12/2017	17.7	23.2	14.9	18
20.933	-17.033	27/12/2017	18.8	23.2	15.25	18
20.933	-17.033	28/12/2017	17.6	24.25	15.25	18
20.933	-17.033	29/12/2017	18.9	25.3	15.25	18
20.933	-17.033	30/12/2017	19.7	25.3	15.25	18
20.933	-17.033	31/12/2017	19.8	25.3	15.6	18
