LATITUDE	LONGITUDE	Date	TAVG	TMAX	TMIN	Rainfall
18.12	-15.93	01/01/2017	24.25	31.95	17.625	94
18.12	-15.93	02/01/2017	23.3	31.7	16.75	94
18.12	-15.93	03/01/2017	23.4	32.1	15	94
18.12	-15.93	04/01/2017	22.3	31.2	15	94
18.12	-15.93	05/01/2017	19.6	29.4	12	94
18.12	-15.93	06/01/2017	20.6	29.9	12.8	94
18.12	-15.93	07/01/2017	23.4	33	14.9	94
18.12	-15.93	08/01/2017	22.6	33.5	17	94
18.12	-15.93	09/01/2017	24.8	34	18.2	94
18.12	-15.93	10/01/2017	26.3	34.4	17.2	94
18.12	-15.93	11/01/2017	24.4	31.5	18	94
18.12	-15.93	12/01/2017	20.8	28.6	10.4	94
18.12	-15.93	13/01/2017	19.6	28.4	8	94
18.12	-15.93	14/01/2017	19.1	27.4	12.2	94
18.12	-15.93	15/01/2017	18.6	28.5	10	94
18.12	-15.93	16/01/2017	19.9	29.45	10.9	94
18.12	-15.93	17/01/2017	20.9	30.4	10.9	94
18.12	-15.93	18/01/2017	21.3	29.9	11.8	94
18.12	-15.93	19/01/2017	21.2	29.4	13	94
18.12	-15.93	20/01/2017	19.1	28	12.5	94
18.12	-15.93	21/01/2017	21.9	27.4	12.5	94
18.12	-15.93	22/01/2017	19.9	27.4	12	94
18.12	-15.93	23/01/2017	19.1	25.5	14.4	94
18.12	-15.93	24/01/2017	18.2	27	10.9	94
18.12	-15.93	25/01/2017	20.4	29	10.05	94
18.12	-15.93	26/01/2017	20.4	30	9.2	94
18.12	-15.93	27/01/2017	19.9	30.7	9.5	94
18.12	-15.93	28/01/2017	20.7	30.5	9.3	94
18.12	-15.93	29/01/2017	22.6	31.5	10.65	94
18.12	-15.93	30/01/2017	20.3	31.4	12	94
18.12	-15.93	31/01/2017	20.9	30	13.15	94
18.12	-15.93	01/02/2017	21.4	29.4	14.3	94
18.12	-15.93	02/02/2017	21.1	29.5	13.15	94
18.12	-15.93	03/02/2017	21.2	31.3	12	94
18.12	-15.93	04/02/2017	22.6	32.8	13.5	94
18.12	-15.93	05/02/2017	23.4	32.9	13.5	94
18.12	-15.93	06/02/2017	24.8	33	13	94
18.12	-15.93	07/02/2017	23.2	32.8	15	94
18.12	-15.93	08/02/2017	23.1	33.5	13.5	94
18.12	-15.93	09/02/2017	22.3	32.9	13.25	94
18.12	-15.93	10/02/2017	25	32.6	13.25	94
18.12	-15.93	11/02/2017	19.3	28.6	13	94
18.12	-15.93	12/02/2017	17.9	24	13.75	94
18.12	-15.93	13/02/2017	19.3	28.8	14.5	94
18.12	-15.93	14/02/2017	20.4	32	14	94
18.12	-15.93	15/02/2017	20.2	27.8	15.6	94
18.12	-15.93	16/02/2017	20.1	30.7	13	94
18.12	-15.93	17/02/2017	21.7	34.7	12.6	94
18.12	-15.93	18/02/2017	21.7	32.3	17	94
18.12	-15.93	19/02/2017	23	35.5	16	94
18.12	-15.93	20/02/2017	21.6	31	14.7	94
18.12	-15.93	21/02/2017	20.7	28.9	14	94
18.12	-15.93	22/02/2017	21.4	29.8	14	94
18.12	-15.93	23/02/2017	21.6	29.4	16	94
18.12	-15.93	24/02/2017	23.1	31	15	94
18.12	-15.93	25/02/2017	23.4	32.2	14.2	94
18.12	-15.93	26/02/2017	24.1	34	16	94
18.12	-15.93	27/02/2017	22.9	32.8	16.1	94
18.12	-15.93	28/02/2017	21.4	27	17	94
18.12	-15.93	01/03/2017	21.3	32	15	94
18.12	-15.93	02/03/2017	22.4	32.3	17	94
18.12	-15.93	03/03/2017	23.4	32.7	16	94
18.12	-15.93	04/03/2017	24.9	33	15	94
18.12	-15.93	05/03/2017	24.4	33.7	16	94
18.12	-15.93	06/03/2017	25.1	36.9	17	94
18.12	-15.93	07/03/2017	26.1	38.8	16.4	94
18.12	-15.93	08/03/2017	27.9	39.9	18.5	94
18.12	-15.93	09/03/2017	27.2	40.5	18.5	94
18.12	-15.93	10/03/2017	29.4	41.2	20.05	94
18.12	-15.93	11/03/2017	29.3	40.4	21.6	94
18.12	-15.93	12/03/2017	29.6	40.5	19.2	94
18.12	-15.93	13/03/2017	29.2	38.5	18	94
18.12	-15.93	14/03/2017	26	39.8	18.1	94
18.12	-15.93	15/03/2017	25.6	36	19	94
18.12	-15.93	16/03/2017	24.9	35.1	18.6	94
18.12	-15.93	17/03/2017	21.7	27.7	18.2	94
18.12	-15.93	18/03/2017	21.8	27.5	19	94
18.12	-15.93	19/03/2017	21.1	27	18	94
18.12	-15.93	20/03/2017	23.2	30.2	18	94
18.12	-15.93	21/03/2017	25.1	34	18.2	94
18.12	-15.93	22/03/2017	24.3	33.5	17.4	94
18.12	-15.93	23/03/2017	22.2	33.5	17	94
18.12	-15.93	24/03/2017	23.6	33.5	18	94
18.12	-15.93	25/03/2017	22.6	29.5	15.8	94
18.12	-15.93	26/03/2017	22.9	29.4	17.4	94
18.12	-15.93	27/03/2017	25.4	35.95	19	94
18.12	-15.93	28/03/2017	28.2	35.95	19.5	94
18.12	-15.93	29/03/2017	29.9	35.95	22.6	94
18.12	-15.93	30/03/2017	31.2	42.5	24	94
18.12	-15.93	31/03/2017	29	45	26.5	94
18.12	-15.93	01/04/2017	34.8	44	26.5	94
18.12	-15.93	02/04/2017	34.2	42.2	29	94
18.12	-15.93	03/04/2017	31.2	39.95	25.4	94
18.12	-15.93	04/04/2017	27.5	37.7	21.8	94
18.12	-15.93	05/04/2017	26.7	38	20.2	94
18.12	-15.93	06/04/2017	24.8	32.7	18	94
18.12	-15.93	07/04/2017	21.7	28	17.7	94
18.12	-15.93	08/04/2017	22.1	29.2	17.7	94
18.12	-15.93	09/04/2017	22.8	31.4	17.4	94
18.12	-15.93	10/04/2017	24.7	36	20.2	94
18.12	-15.93	11/04/2017	30.3	39.8	23	94
18.12	-15.93	12/04/2017	32.1	39.1	26	94
18.12	-15.93	13/04/2017	30.9	40	22	94
18.12	-15.93	14/04/2017	31	40.7	21.3	94
18.12	-15.93	15/04/2017	31.1	41	22	94
18.12	-15.93	16/04/2017	28.1	38.8	22.8	94
18.12	-15.93	17/04/2017	22.2	29.2	20	94
18.12	-15.93	18/04/2017	21.9	30.3	18.3	94
18.12	-15.93	19/04/2017	21.8	29.4	19	94
18.12	-15.93	20/04/2017	21.7	29	18.4	94
18.12	-15.93	21/04/2017	21.9	30.8	18	94
18.12	-15.93	22/04/2017	24	32.6	19	94
18.12	-15.93	23/04/2017	23.7	32.5	18.8	94
18.12	-15.93	24/04/2017	23.3	32.5	18.5	94
18.12	-15.93	25/04/2017	23.9	32.2	18.5	94
18.12	-15.93	26/04/2017	26.3	33.8	18.75	94
18.12	-15.93	27/04/2017	25.7	33.4	19	94
18.12	-15.93	28/04/2017	25.6	32.95	21.4	94
18.12	-15.93	29/04/2017	24.5	32.5	20.1	94
18.12	-15.93	30/04/2017	25.6	35.5	20	94
18.12	-15.93	01/05/2017	27.4	38.4	20.5	94
18.12	-15.93	02/05/2017	24.1	29.5	21	94
18.12	-15.93	03/05/2017	21.9	29	20	94
18.12	-15.93	04/05/2017	22	29.5	19	94
18.12	-15.93	05/05/2017	23.4	29.5	19	94
18.12	-15.93	06/05/2017	25.7	36.7	21	94
18.12	-15.93	07/05/2017	29.8	43.6	23.5	94
18.12	-15.93	08/05/2017	33.6	45	27.1	94
18.12	-15.93	09/05/2017	30.1	38	24.55	94
18.12	-15.93	10/05/2017	27.4	41.3	22	94
18.12	-15.93	11/05/2017	25.9	32.8	23	94
18.12	-15.93	12/05/2017	25.9	35	23	94
18.12	-15.93	13/05/2017	28.6	39	24	94
18.12	-15.93	14/05/2017	28.1	38	22.75	94
18.12	-15.93	15/05/2017	26.8	37.6	21.5	94
18.12	-15.93	16/05/2017	30.4	42.05	21.4	94
18.12	-15.93	17/05/2017	32.1	46.5	22.95	94
18.12	-15.93	18/05/2017	30	40	24.5	94
18.12	-15.93	19/05/2017	22.7	27.2	22.15	94
18.12	-15.93	20/05/2017	22	25	19.8	94
18.12	-15.93	21/05/2017	23.7	29	20	94
18.12	-15.93	22/05/2017	25.8	32.3	20.2	94
18.12	-15.93	23/05/2017	27.9	41	21.1	94
18.12	-15.93	24/05/2017	27.5	37.5	21.1	94
18.12	-15.93	25/05/2017	27.9	38.4	21.1	94
18.12	-15.93	26/05/2017	25	36	21.1	94
18.12	-15.93	27/05/2017	25.2	34.5	22	94
18.12	-15.93	28/05/2017	25.9	33	22.4	94
18.12	-15.93	29/05/2017	27.8	38.5	21.4	94
18.12	-15.93	30/05/2017	29.6	42.2	23	94
18.12	-15.93	31/05/2017	27.8	37.2	23	94
18.12	-15.93	01/06/2017	24.7	32.7	22	94
18.12	-15.93	02/06/2017	25.8	32.7	20.3	94
18.12	-15.93	03/06/2017	25.1	32.7	20.65	94
18.12	-15.93	04/06/2017	25.2	35.2	21	94
18.12	-15.93	05/06/2017	25.5	36.2	21	94
18.12	-15.93	06/06/2017	25.6	34	21.5	94
18.12	-15.93	07/06/2017	25.1	37	21	94
18.12	-15.93	08/06/2017	29.2	42.7	21.2	94
18.12	-15.93	09/06/2017	24.9	29	21.4	94
18.12	-15.93	10/06/2017	25.4	33.7	21.1	94
18.12	-15.93	11/06/2017	25.1	33.5	20.8	94
18.12	-15.93	12/06/2017	23.7	28.2	21.15	94
18.12	-15.93	13/06/2017	24.7	30.5	21.5	94
18.12	-15.93	14/06/2017	27.9	39.5	22.2	94
18.12	-15.93	15/06/2017	28.4	38.4	22	94
18.12	-15.93	16/06/2017	26.7	36.5	22.2	94
18.12	-15.93	17/06/2017	25.4	32.55	22	94
18.12	-15.93	18/06/2017	23.3	28.6	20.4	94
18.12	-15.93	19/06/2017	23.8	29.5	18.8	94
18.12	-15.93	20/06/2017	25	30.5	22	94
18.12	-15.93	21/06/2017	28.2	41.8	25.5	94
18.12	-15.93	22/06/2017	27.3	34.2	23	94
18.12	-15.93	23/06/2017	28.2	33.7	23	94
18.12	-15.93	24/06/2017	27.7	34.2	22	94
18.12	-15.93	25/06/2017	28.7	32.4	22	94
18.12	-15.93	26/06/2017	25.6	32.05	22	94
18.12	-15.93	27/06/2017	26.2	31.7	21	94
18.12	-15.93	28/06/2017	28.3	33.5	22.5	94
18.12	-15.93	29/06/2017	25.5	33.35	24	94
18.12	-15.93	30/06/2017	28.9	33.35	24.6	94
18.12	-15.93	01/07/2017	27.7	33.2	24.5	94
18.12	-15.93	02/07/2017	28.4	32.5	24.5	94
18.12	-15.93	03/07/2017	28.9	32	26	94
18.12	-15.93	04/07/2017	29.7	34.8	25	94
18.12	-15.93	05/07/2017	27.7	32.4	24.5	94
18.12	-15.93	06/07/2017	27.7	32.4	24.5	94
18.12	-15.93	07/07/2017	27.7	32.4	24.5	94
18.12	-15.93	08/07/2017	27.7	32.4	24.5	94
18.12	-15.93	09/07/2017	27.7	32.4	24.5	94
18.12	-15.93	10/07/2017	27.7	32.4	24.5	94
18.12	-15.93	11/07/2017	27.7	32.4	24.5	94
18.12	-15.93	12/07/2017	27.7	32.4	24.5	94
18.12	-15.93	13/07/2017	27.7	32.4	24.5	94
18.12	-15.93	14/07/2017	27.7	32.4	24.5	94
18.12	-15.93	15/07/2017	27.7	32.4	24.5	94
18.12	-15.93	16/07/2017	27.7	32.4	24.5	94
18.12	-15.93	17/07/2017	27.7	32.4	24.5	94
18.12	-15.93	18/07/2017	27.7	32.4	24.5	94
18.12	-15.93	19/07/2017	27.7	32.4	24.5	94
18.12	-15.93	20/07/2017	27.7	32.4	24.5	94
18.12	-15.93	21/07/2017	27.7	32.4	24.5	94
18.12	-15.93	22/07/2017	27.7	32.4	24.5	94
18.12	-15.93	23/07/2017	27.7	32.4	24.5	94
18.12	-15.93	24/07/2017	27.7	32.4	24.5	94
18.12	-15.93	25/07/2017	27.7	32.4	24.5	94
18.12	-15.93	26/07/2017	27.7	32.4	24.5	94
18.12	-15.93	27/07/2017	25.7	30	24	94
18.12	-15.93	28/07/2017	27.6	30.75	25	94
18.12	-15.93	29/07/2017	29.4	30.75	24	94
18.12	-15.93	30/07/2017	28.7	31.5	26.5	94
18.12	-15.93	31/07/2017	28.5	31.8	25	94
18.12	-15.93	01/08/2017	27.9	31.9	26	94
18.12	-15.93	02/08/2017	27.8	34.45	25.4	94
18.12	-15.93	03/08/2017	29.6	37	25.8	94
18.12	-15.93	04/08/2017	27.2	31	25.5	94
18.12	-15.93	05/08/2017	26.8	29.2	24.25	94
18.12	-15.93	06/08/2017	25.3	28.2	23	94
18.12	-15.93	07/08/2017	26.1	30	23.8	94
18.12	-15.93	08/08/2017	27.7	30.5	23.8	94
18.12	-15.93	09/08/2017	27.2	29.5	24.5	94
18.12	-15.93	10/08/2017	26.6	30.75	24.4	94
18.12	-15.93	11/08/2017	28.1	32	24.2	94
18.12	-15.93	12/08/2017	28.6	32.35	25.1	94
18.12	-15.93	13/08/2017	29	32.7	26	94
18.12	-15.93	14/08/2017	28.4	34.35	26.5	94
18.12	-15.93	15/08/2017	29.7	35.175	26.25	94
18.12	-15.93	16/08/2017	31	36	26	94
18.12	-15.93	17/08/2017	30.4	35.5	25.5	94
18.12	-15.93	18/08/2017	27.6	35.7	25.4	94
18.12	-15.93	19/08/2017	27.8	31	25.6	94
18.12	-15.93	20/08/2017	29.1	33.2	25.6	94
18.12	-15.93	21/08/2017	29.7	32.9	26.15	94
18.12	-15.93	22/08/2017	28.6	32.6	26.7	94
18.12	-15.93	23/08/2017	27.8	32	25	94
18.12	-15.93	24/08/2017	29.4	35	25	94
18.12	-15.93	25/08/2017	29.2	33.5	24	94
18.12	-15.93	26/08/2017	28	33.8	24.1	94
18.12	-15.93	27/08/2017	28.1	31.6	24.2	94
18.12	-15.93	28/08/2017	29.4	33.1	26	94
18.12	-15.93	29/08/2017	29.6	32.2	25	94
18.12	-15.93	30/08/2017	28.9	31.3	26	94
18.12	-15.93	31/08/2017	29.8	35.4	26.5	94
18.12	-15.93	01/09/2017	28.1	35	24	94
18.12	-15.93	02/09/2017	27.8	34.8	23.4	94
18.12	-15.93	03/09/2017	29.8	37.2	26	94
18.12	-15.93	04/09/2017	30.8	34.4	26	94
18.12	-15.93	05/09/2017	28.2	31.6	25.2	94
18.12	-15.93	06/09/2017	29.1	32.4	26	94
18.12	-15.93	07/09/2017	27.5	32.5	25.1	94
18.12	-15.93	08/09/2017	27.9	31	25.5	94
18.12	-15.93	09/09/2017	28.9	33	25	94
18.12	-15.93	10/09/2017	28.7	31.7	25.5	94
18.12	-15.93	11/09/2017	32.1	41.8	25.65	94
18.12	-15.93	12/09/2017	29.6	38.6	25.65	94
18.12	-15.93	13/09/2017	29	33.8	25.8	94
18.12	-15.93	14/09/2017	28.1	36.5	24.25	94
18.12	-15.93	15/09/2017	26.3	29.4	24.25	94
18.12	-15.93	16/09/2017	24.4	28.2	22.7	94
18.12	-15.93	17/09/2017	26.7	29.8	22.5	94
18.12	-15.93	18/09/2017	28	32.9	23.2	94
18.12	-15.93	19/09/2017	29.8	36	23.5	94
18.12	-15.93	20/09/2017	29.4	33	27	94
18.12	-15.93	21/09/2017	32.3	42.6	27.2	94
18.12	-15.93	22/09/2017	27.6	34	24	94
18.12	-15.93	23/09/2017	25.6	33.9	20.6	94
18.12	-15.93	24/09/2017	29.2	33.9	23.6	94
18.12	-15.93	25/09/2017	27.8	33.75	26.6	94
18.12	-15.93	26/09/2017	28	33.6	25.4	94
18.12	-15.93	27/09/2017	28.8	40	25.5	94
18.12	-15.93	28/09/2017	31.2	43	25	94
18.12	-15.93	29/09/2017	33.4	43	26.5	94
18.12	-15.93	30/09/2017	34.3	43	28	94
18.12	-15.93	01/10/2017	30.7	42.6	26.6	94
18.12	-15.93	02/10/2017	29.4	37.5	26	94
18.12	-15.93	03/10/2017	26.9	30.5	25.3	94
18.12	-15.93	04/10/2017	28.6	33	25.3	94
18.12	-15.93	05/10/2017	28.2	35.5	25.3	94
18.12	-15.93	06/10/2017	31.6	41.2	24.8	94
18.12	-15.93	07/10/2017	34	42.5	23.5	94
18.12	-15.93	08/10/2017	33.2	42.5	25.2	94
18.12	-15.93	09/10/2017	29.8	42.4	26.5	94
18.12	-15.93	10/10/2017	28.6	40	24	94
18.12	-15.93	11/10/2017	29.4	42	23	94
18.12	-15.93	12/10/2017	27.4	30.7	22	94
18.12	-15.93	13/10/2017	28.1	41.4	21.5	94
18.12	-15.93	14/10/2017	33.4	41.4	27.5	94
18.12	-15.93	15/10/2017	31.9	40.5	24	94
18.12	-15.93	16/10/2017	31.9	42	23	94
18.12	-15.93	17/10/2017	31.6	42.3	25	94
18.12	-15.93	18/10/2017	31.6	40.5	25.5	94
18.12	-15.93	19/10/2017	32.1	41	25.6	94
18.12	-15.93	20/10/2017	30.9	41.7	24	94
18.12	-15.93	21/10/2017	28.8	41.3	22.6	94
18.12	-15.93	22/10/2017	28.1	40.1	21.8	94
18.12	-15.93	23/10/2017	30.4	41	22.5	94
18.12	-15.93	24/10/2017	31.1	40.3	21.2	94
18.12	-15.93	25/10/2017	27.8	38.3	20.6	94
18.12	-15.93	26/10/2017	29.1	39.8	21.3	94
18.12	-15.93	27/10/2017	29.9	41	21.9	94
18.12	-15.93	28/10/2017	31.2	42	24.8	94
18.12	-15.93	29/10/2017	30.6	42	23.4	94
18.12	-15.93	30/10/2017	29.1	40	22.4	94
18.12	-15.93	31/10/2017	28.6	40	20.5	94
18.12	-15.93	01/11/2017	27.1	41	19.9	94
18.12	-15.93	02/11/2017	30.8	40.4	20.2	94
18.12	-15.93	03/11/2017	29.4	40.4	20.2	94
18.12	-15.93	04/11/2017	27.4	38.4	23	94
18.12	-15.93	05/11/2017	26.7	38	22	94
18.12	-15.93	06/11/2017	23.5	31.6	21.4	94
18.12	-15.93	07/11/2017	22.9	30.75	18.9	94
18.12	-15.93	08/11/2017	23.4	29.9	19.9	94
18.12	-15.93	09/11/2017	25.7	36.5	20.9	94
18.12	-15.93	10/11/2017	27.8	39.5	21.6	94
18.12	-15.93	11/11/2017	30.6	39.8	23.4	94
18.12	-15.93	12/11/2017	29.2	35.6	25	94
18.12	-15.93	13/11/2017	24.8	34.5	20.7	94
18.12	-15.93	14/11/2017	26.4	33.4	16.4	94
18.12	-15.93	15/11/2017	25.3	34.5	12	94
18.12	-15.93	16/11/2017	25	33.3	17.5	94
18.12	-15.93	17/11/2017	24.9	32.7	18	94
18.12	-15.93	18/11/2017	24.6	33.3	16.6	94
18.12	-15.93	19/11/2017	25.1	33	14.8	94
18.12	-15.93	20/11/2017	22.4	33.8	14.5	94
18.12	-15.93	21/11/2017	22.7	34.5	13	94
18.12	-15.93	22/11/2017	21.9	30.2	16.5	94
18.12	-15.93	23/11/2017	23.6	34	16	94
18.12	-15.93	24/11/2017	24.6	35.5	18.7	94
18.12	-15.93	25/11/2017	28.3	35.4	21	94
18.12	-15.93	26/11/2017	29.7	37.4	25	94
18.12	-15.93	27/11/2017	27.8	33.8	23.25	94
18.12	-15.93	28/11/2017	26.7	33.5	21.5	94
18.12	-15.93	29/11/2017	25.3	34.5	18.5	94
18.12	-15.93	30/11/2017	25.7	35.3	19	94
18.12	-15.93	01/12/2017	26.2	36.5	17.7	94
18.12	-15.93	02/12/2017	25.3	34.7	17.2	94
18.12	-15.93	03/12/2017	25.6	32.5	19	94
18.12	-15.93	04/12/2017	23.9	33.4	18	94
18.12	-15.93	05/12/2017	23.3	32.05	16.5	94
18.12	-15.93	06/12/2017	24.2	30.7	17	94
18.12	-15.93	07/12/2017	21.7	29.2	15	94
18.12	-15.93	08/12/2017	20.1	28	13	94
18.12	-15.93	09/12/2017	20.2	28.8	12.5	94
18.12	-15.93	10/12/2017	21.4	29.5	12.3	94
18.12	-15.93	11/12/2017	20.1	29.25	12.65	94
18.12	-15.93	12/12/2017	19.2	29	13	94
18.12	-15.93	13/12/2017	19	24.3	15	94
18.12	-15.93	14/12/2017	18.4	26.5	11	94
18.12	-15.93	15/12/2017	20.8	28.5	11.5	94
18.12	-15.93	16/12/2017	19.9	28	13.5	94
18.12	-15.93	17/12/2017	20.1	27.8	13	94
18.12	-15.93	18/12/2017	19.6	28	12.7	94
18.12	-15.93	19/12/2017	21.2	28.2	13	94
18.12	-15.93	20/12/2017	18.8	25	13	94
18.12	-15.93	21/12/2017	18.2	24.7	13	94
18.12	-15.93	22/12/2017	18	22.5	13.7	94
18.12	-15.93	23/12/2017	18	22.5	13	94
18.12	-15.93	24/12/2017	16.8	23.1	12	94
18.12	-15.93	25/12/2017	17.6	26.6	11	94
18.12	-15.93	26/12/2017	19	27.5	10	94
18.12	-15.93	27/12/2017	22.1	27.25	15.8	94
18.12	-15.93	28/12/2017	19.9	27	14	94
18.12	-15.93	29/12/2017	19.6	28.5	12	94
18.12	-15.93	30/12/2017	23.5	30.5	14.5	94
18.12	-15.93	31/12/2017	24.3	31.6	17	94
