LATITUDE	LONGITUDE	Date	Tavg	Tmax	Tmin	Rainfall
16.633	-14.917	01/01/2017	24.5	33.2	16.55	240
16.633	-14.917	02/01/2017	25	33.6	16.55	240
16.633	-14.917	03/01/2017	25	33.7	16.55	240
16.633	-14.917	04/01/2017	22.1	30.7	16.55	240
16.633	-14.917	05/01/2017	22.5	31.1	16.55	240
16.633	-14.917	06/01/2017	21.8	31.5	16.55	240
16.633	-14.917	07/01/2017	21.7	33.5	13.5	240
16.633	-14.917	08/01/2017	24.9	36.6	16.25	240
16.633	-14.917	09/01/2017	25.4	34.5	19	240
16.633	-14.917	10/01/2017	26.8	32.25	16.5	240
16.633	-14.917	11/01/2017	25.4	30	16.5	240
16.633	-14.917	12/01/2017	21.7	31	16.5	240
16.633	-14.917	13/01/2017	21.2	29.5	14	240
16.633	-14.917	14/01/2017	21.8	29.5	14.7	240
16.633	-14.917	15/01/2017	22.4	31.5	14.2	240
16.633	-14.917	16/01/2017	21.9	33.4	16.1	240
16.633	-14.917	17/01/2017	23.2	33.1	16.1	240
16.633	-14.917	18/01/2017	28.3	34.5	18	240
16.633	-14.917	19/01/2017	23.9	34	17.1	240
16.633	-14.917	20/01/2017	22.1	31.6	17.1	240
16.633	-14.917	21/01/2017	23.3	29	16.2	240
16.633	-14.917	22/01/2017	22.1	28.1	14.2	240
16.633	-14.917	23/01/2017	20.9	28.7	17	240
16.633	-14.917	24/01/2017	19.2	29.9	15.35	240
16.633	-14.917	25/01/2017	22.4	31.7	15.35	240
16.633	-14.917	26/01/2017	24	32.8	15.35	240
16.633	-14.917	27/01/2017	23.2	33.3	13.7	240
16.633	-14.917	28/01/2017	24.1	33.2	15	240
16.633	-14.917	29/01/2017	25.4	33.3	15	240
16.633	-14.917	30/01/2017	25.2	34.4	14	240
16.633	-14.917	31/01/2017	23.7	33.3	14	240
16.633	-14.917	01/02/2017	21.3	30.9	13	240
16.633	-14.917	02/02/2017	23.8	29.9	18	240
16.633	-14.917	03/02/2017	24.7	32.1	16.1	240
16.633	-14.917	04/02/2017	25.1	33.6	15.8	240
16.633	-14.917	05/02/2017	23.2	34.1	16.8	240
16.633	-14.917	06/02/2017	26.4	34.9	17.4	240
16.633	-14.917	07/02/2017	26.8	35	18	240
16.633	-14.917	08/02/2017	23.3	35	17.5	240
16.633	-14.917	09/02/2017	23.7	35	17.5	240
16.633	-14.917	10/02/2017	24.9	35	17.5	240
16.633	-14.917	11/02/2017	28.9	34.4	17.5	240
16.633	-14.917	12/02/2017	22.9	30.6	17.5	240
16.633	-14.917	13/02/2017	22.4	32.2	17	240
16.633	-14.917	14/02/2017	26.2	35.1	17.5	240
16.633	-14.917	15/02/2017	27.9	37.2	21	240
16.633	-14.917	16/02/2017	27.1	36.8	17.8	240
16.633	-14.917	17/02/2017	25.4	38.6	18.4	240
16.633	-14.917	18/02/2017	27.9	38	19	240
16.633	-14.917	19/02/2017	28	39.1	21.8	240
16.633	-14.917	20/02/2017	26.6	36.5	19.7	240
16.633	-14.917	21/02/2017	24.6	34.6	17.6	240
16.633	-14.917	22/02/2017	25.8	32.7	18.2	240
16.633	-14.917	23/02/2017	27.8	33.5	22	240
16.633	-14.917	24/02/2017	24.7	31.8	21	240
16.633	-14.917	25/02/2017	26.1	34.15	19.9	240
16.633	-14.917	26/02/2017	28.2	36.5	20.5	240
16.633	-14.917	27/02/2017	30.7	40.6	21.8	240
16.633	-14.917	28/02/2017	28	40	21.8	240
16.633	-14.917	01/03/2017	28.7	39.9	21.8	240
16.633	-14.917	02/03/2017	33.3	41.3	23.1	240
16.633	-14.917	03/03/2017	32.4	39.8	23.9	240
16.633	-14.917	04/03/2017	29.2	38	23.75	240
16.633	-14.917	05/03/2017	30.1	35.7	23.6	240
16.633	-14.917	06/03/2017	28.9	39.5	20.6	240
16.633	-14.917	07/03/2017	31.9	41.5	18.1	240
16.633	-14.917	08/03/2017	29.8	41.3	23.9	240
16.633	-14.917	09/03/2017	29.7	42.3	23.2	240
16.633	-14.917	10/03/2017	33.6	42.7	22.5	240
16.633	-14.917	11/03/2017	32.7	42.1	22.7	240
16.633	-14.917	12/03/2017	31.5	41.5	22.9	240
16.633	-14.917	13/03/2017	29.4	40.3	22.1	240
16.633	-14.917	14/03/2017	31.9	42.1	21	240
16.633	-14.917	15/03/2017	32.4	41.7	22.5	240
16.633	-14.917	16/03/2017	30.9	38.2	25.8	240
16.633	-14.917	17/03/2017	28.9	34.7	22.9	240
16.633	-14.917	18/03/2017	25.9	32.5	20	240
16.633	-14.917	19/03/2017	26.7	32.2	19	240
16.633	-14.917	20/03/2017	26.7	35	19.5	240
16.633	-14.917	21/03/2017	29.7	37	21.8	240
16.633	-14.917	22/03/2017	32.1	39.7	22.5	240
16.633	-14.917	23/03/2017	29.5	38	21.85	240
16.633	-14.917	24/03/2017	30.1	39.5	21.2	240
16.633	-14.917	25/03/2017	30.2	39.1	23	240
16.633	-14.917	26/03/2017	31	39	22.2	240
16.633	-14.917	27/03/2017	34.1	40.5	26	240
16.633	-14.917	28/03/2017	35.7	41.1	29	240
16.633	-14.917	29/03/2017	36.7	42.5	30	240
16.633	-14.917	30/03/2017	35.4	45.7	30	240
16.633	-14.917	31/03/2017	35.8	44	26	240
16.633	-14.917	01/04/2017	36.4	44	27.5	240
16.633	-14.917	02/04/2017	34.2	42	27	240
16.633	-14.917	03/04/2017	31.7	41.9	21	240
16.633	-14.917	04/04/2017	34.5	43.5	25	240
16.633	-14.917	05/04/2017	35.6	42.5	26	240
16.633	-14.917	06/04/2017	33.4	40.1	22	240
16.633	-14.917	07/04/2017	30.2	39.5	22	240
16.633	-14.917	08/04/2017	26.8	36.9	18	240
16.633	-14.917	09/04/2017	29.8	37	19.2	240
16.633	-14.917	10/04/2017	32.7	40.5	23	240
16.633	-14.917	11/04/2017	33.4	40.75	28	240
16.633	-14.917	12/04/2017	34.1	40.75	30	240
16.633	-14.917	13/04/2017	34.2	41	23.8	240
16.633	-14.917	14/04/2017	35	41	24.7	240
16.633	-14.917	15/04/2017	31.2	41.3	23.55	240
16.633	-14.917	16/04/2017	32.4	42	22.4	240
16.633	-14.917	17/04/2017	33	41.7	23	240
16.633	-14.917	18/04/2017	30.7	41	23.2	240
16.633	-14.917	19/04/2017	30.8	40	21.5	240
16.633	-14.917	20/04/2017	29.5	38.3	20.8	240
16.633	-14.917	21/04/2017	29.7	38.5	21.5	240
16.633	-14.917	22/04/2017	31.8	39.2	20.1	240
16.633	-14.917	23/04/2017	30.8	39.9	22.5	240
16.633	-14.917	24/04/2017	29.3	39.5	21.2	240
16.633	-14.917	25/04/2017	30.9	40	21.1	240
16.633	-14.917	26/04/2017	31.3	40.5	22.5	240
16.633	-14.917	27/04/2017	33.3	40.5	24.8	240
16.633	-14.917	28/04/2017	32.4	40.5	23.85	240
16.633	-14.917	29/04/2017	30.9	40.1	23.85	240
16.633	-14.917	30/04/2017	33.1	39.5	22.9	240
16.633	-14.917	01/05/2017	34.4	43.5	24	240
16.633	-14.917	02/05/2017	33.4	44.1	26.9	240
16.633	-14.917	03/05/2017	30.3	40.5	23.5	240
16.633	-14.917	04/05/2017	28.9	38	21.5	240
16.633	-14.917	05/05/2017	31.5	40.5	21.3	240
16.633	-14.917	06/05/2017	33.4	44.1	25.65	240
16.633	-14.917	07/05/2017	37.8	47.2	30	240
16.633	-14.917	08/05/2017	38.6	45.5	26.45	240
16.633	-14.917	09/05/2017	33.7	42.5	26.45	240
16.633	-14.917	10/05/2017	31.4	39.3	26.45	240
16.633	-14.917	11/05/2017	32.2	42.9	22.9	240
16.633	-14.917	12/05/2017	33.7	42.8	27.1	240
16.633	-14.917	13/05/2017	37.4	43.5	29.5	240
16.633	-14.917	14/05/2017	33.1	40.3	24.9	240
16.633	-14.917	15/05/2017	32.5	43	25.9	240
16.633	-14.917	16/05/2017	35.4	46.5	26.5	240
16.633	-14.917	17/05/2017	34.7	45.5	27	240
16.633	-14.917	18/05/2017	31.1	39.5	26.4	240
16.633	-14.917	19/05/2017	29.8	39.5	23.1	240
16.633	-14.917	20/05/2017	27.3	40.1	20.8	240
16.633	-14.917	21/05/2017	31.9	42.2	20.5	240
16.633	-14.917	22/05/2017	30.7	42.1	22.5	240
16.633	-14.917	23/05/2017	31.4	42	23.9	240
16.633	-14.917	24/05/2017	31.5	43.05	24.45	240
16.633	-14.917	25/05/2017	36.1	44.1	25	240
16.633	-14.917	26/05/2017	31.9	44	22.6	240
16.633	-14.917	27/05/2017	30.9	43.2	20.2	240
16.633	-14.917	28/05/2017	32.2	40.3	23.9	240
16.633	-14.917	29/05/2017	34.8	44	25.2	240
16.633	-14.917	30/05/2017	33.5	44	26.5	240
16.633	-14.917	31/05/2017	33.7	42.5	25.5	240
16.633	-14.917	01/06/2017	33.3	41.9	24.25	240
16.633	-14.917	02/06/2017	33.1	39.7	23	240
16.633	-14.917	03/06/2017	30	41.1	21.8	240
16.633	-14.917	04/06/2017	31.7	41.5	22.9	240
16.633	-14.917	05/06/2017	31.4	44.8	23.9	240
16.633	-14.917	06/06/2017	33.9	46.5	24.45	240
16.633	-14.917	07/06/2017	30.8	44	25	240
16.633	-14.917	08/06/2017	31.6	41.5	25.6	240
16.633	-14.917	09/06/2017	32.4	44	25.9	240
16.633	-14.917	10/06/2017	33	41.2	25.5	240
16.633	-14.917	11/06/2017	31.3	41	25.75	240
16.633	-14.917	12/06/2017	32	41.5	26	240
16.633	-14.917	13/06/2017	30.9	43.5	23	240
16.633	-14.917	14/06/2017	34.3	47	23.5	240
16.633	-14.917	15/06/2017	32.5	46.1	23.8	240
16.633	-14.917	16/06/2017	33.9	44.8	25.2	240
16.633	-14.917	17/06/2017	33.4	43.5	23.5	240
16.633	-14.917	18/06/2017	29.4	35.6	23.5	240
16.633	-14.917	19/06/2017	29.4	42	23	240
16.633	-14.917	20/06/2017	32.6	40	25.5	240
16.633	-14.917	21/06/2017	30.3	38.9	25	240
16.633	-14.917	22/06/2017	30.1	34.5	26.25	240
16.633	-14.917	23/06/2017	32.1	40.3	27.5	240
16.633	-14.917	24/06/2017	33.9	43.9	27.5	240
16.633	-14.917	25/06/2017	32.8	38.9	26	240
16.633	-14.917	26/06/2017	32.3	35.55	23	240
16.633	-14.917	27/06/2017	27.1	32.2	22.6	240
16.633	-14.917	28/06/2017	28.6	37.3	25	240
16.633	-14.917	29/06/2017	32.3	40.1	25	240
16.633	-14.917	30/06/2017	34.4	40.5	28.9	240
16.633	-14.917	01/07/2017	30.8	38.7	26.1	240
16.633	-14.917	02/07/2017	31.4	38.5	26	240
16.633	-14.917	03/07/2017	31.8	41	26.9	240
16.633	-14.917	04/07/2017	34	42.6	26.9	240
16.633	-14.917	05/07/2017	33	43.7	26.9	240
16.633	-14.917	06/07/2017	31.8	37.8	27	240
16.633	-14.917	07/07/2017	33.2	39.4	28.5	240
16.633	-14.917	08/07/2017	34.3	41	28.8	240
16.633	-14.917	09/07/2017	32.3	40.3	27.3	240
16.633	-14.917	10/07/2017	32.3	39.6	27.3	240
16.633	-14.917	11/07/2017	32.4	39.9	25.8	240
16.633	-14.917	12/07/2017	31.6	39.6	25.5	240
16.633	-14.917	13/07/2017	31	40.1	25.9	240
16.633	-14.917	14/07/2017	30.3	38.7	24.8	240
16.633	-14.917	15/07/2017	32.3	39.5	24.5	240
16.633	-14.917	16/07/2017	31.1	39	26.2	240
16.633	-14.917	17/07/2017	28.6	39.35	26	240
16.633	-14.917	18/07/2017	29.9	39.7	24.5	240
16.633	-14.917	19/07/2017	32.3	39.7	25.5	240
16.633	-14.917	20/07/2017	33.3	40.6	27	240
16.633	-14.917	21/07/2017	31.1	41.35	26.6	240
16.633	-14.917	22/07/2017	29.6	41.35	25.6	240
16.633	-14.917	23/07/2017	33.3	41.35	24.6	240
16.633	-14.917	24/07/2017	33	42.1	25.2	240
16.633	-14.917	25/07/2017	30.9	38.8	25.1	240
16.633	-14.917	26/07/2017	30.2	40	25	240
16.633	-14.917	27/07/2017	31.4	37.5	25	240
16.633	-14.917	28/07/2017	32.8	40.5	26	240
16.633	-14.917	29/07/2017	32.6	42.6	25	240
16.633	-14.917	30/07/2017	30.3	38	24	240
16.633	-14.917	31/07/2017	31.1	37.9	25.5	240
16.633	-14.917	01/08/2017	32.8	39.6	27	240
16.633	-14.917	02/08/2017	32.1	41.8	27	240
16.633	-14.917	03/08/2017	32.1	40.5	27.5	240
16.633	-14.917	04/08/2017	33.2	40.8	26.7	240
16.633	-14.917	05/08/2017	32.1	39.5	25.1	240
16.633	-14.917	06/08/2017	30.8	38.3	25.1	240
16.633	-14.917	07/08/2017	32.5	39.5	26	240
16.633	-14.917	08/08/2017	32.6	38	26.6	240
16.633	-14.917	09/08/2017	29	36.5	23.2	240
16.633	-14.917	10/08/2017	30.3	36.7	25.2	240
16.633	-14.917	11/08/2017	32.3	39	26	240
16.633	-14.917	12/08/2017	29.4	34.8	25.9	240
16.633	-14.917	13/08/2017	31.4	38.5	25.8	240
16.633	-14.917	14/08/2017	29.9	35	24.2	240
16.633	-14.917	15/08/2017	31.2	37.3	26.5	240
16.633	-14.917	16/08/2017	33.7	37.3	27.2	240
16.633	-14.917	17/08/2017	33.6	39.6	29	240
16.633	-14.917	18/08/2017	31.2	38.55	27.5	240
16.633	-14.917	19/08/2017	30.7	38.55	26	240
16.633	-14.917	20/08/2017	30.2	38.55	23.6	240
16.633	-14.917	21/08/2017	30.8	37.5	25.8	240
16.633	-14.917	22/08/2017	32.3	38.5	27.2	240
16.633	-14.917	23/08/2017	31.5	38.5	26.5	240
16.633	-14.917	24/08/2017	29.1	32.7	27	240
16.633	-14.917	25/08/2017	31.2	36.1	25.2	240
16.633	-14.917	26/08/2017	30.6	36.1	25.2	240
16.633	-14.917	27/08/2017	30.4	36.1	25.2	240
16.633	-14.917	28/08/2017	33.2	39.5	26.9	240
16.633	-14.917	29/08/2017	29.7	38.75	22.5	240
16.633	-14.917	30/08/2017	31.7	38	26.9	240
16.633	-14.917	31/08/2017	32.3	39.5	26	240
16.633	-14.917	01/09/2017	31.9	39	25.8	240
16.633	-14.917	02/09/2017	30.2	38.7	25	240
16.633	-14.917	03/09/2017	33.2	39	25	240
16.633	-14.917	04/09/2017	33.5	39.6	27.8	240
16.633	-14.917	05/09/2017	28.3	35.6	24.9	240
16.633	-14.917	06/09/2017	31.2	37.3	22	240
16.633	-14.917	07/09/2017	32.4	39	26.9	240
16.633	-14.917	08/09/2017	30.3	37.5	26.2	240
16.633	-14.917	09/09/2017	33.9	41.3	26.9	240
16.633	-14.917	10/09/2017	33.1	40	27.5	240
16.633	-14.917	11/09/2017	30.8	37.8	26	240
16.633	-14.917	12/09/2017	34.9	40.8	27	240
16.633	-14.917	13/09/2017	34.3	39.35	28.9	240
16.633	-14.917	14/09/2017	32.3	39.35	28.3	240
16.633	-14.917	15/09/2017	32.9	39.35	26.5	240
16.633	-14.917	16/09/2017	29.7	37.9	25.5	240
16.633	-14.917	17/09/2017	31.2	37.7	25.5	240
16.633	-14.917	18/09/2017	30.6	39.4	27	240
16.633	-14.917	19/09/2017	32.2	37.8	25.5	240
16.633	-14.917	20/09/2017	35.1	43.1	28.5	240
16.633	-14.917	21/09/2017	34.2	43.5	27	240
16.633	-14.917	22/09/2017	33.4	41	25.25	240
16.633	-14.917	23/09/2017	31.3	39.5	23.5	240
16.633	-14.917	24/09/2017	27.4	30.3	24.15	240
16.633	-14.917	25/09/2017	28.3	31.5	24.8	240
16.633	-14.917	26/09/2017	30.9	37.5	25.8	240
16.633	-14.917	27/09/2017	31.4	40.9	26	240
16.633	-14.917	28/09/2017	32.9	41.6	25.9	240
16.633	-14.917	29/09/2017	34.6	43	26.9	240
16.633	-14.917	30/09/2017	34.4	42.55	26.2	240
16.633	-14.917	01/10/2017	35.1	42.55	27	240
16.633	-14.917	02/10/2017	33.8	42.1	26.5	240
16.633	-14.917	03/10/2017	34	39.6	28.5	240
16.633	-14.917	04/10/2017	31.8	38.2	27.5	240
16.633	-14.917	05/10/2017	33.2	41	26.4	240
16.633	-14.917	06/10/2017	35.7	42.1	26.8	240
16.633	-14.917	07/10/2017	34.2	42.5	27.8	240
16.633	-14.917	08/10/2017	32.4	42.1	24.3	240
16.633	-14.917	09/10/2017	33.3	42.1	25.2	240
16.633	-14.917	10/10/2017	33.6	43.1	25	240
16.633	-14.917	11/10/2017	33.4	43.3	24.8	240
16.633	-14.917	12/10/2017	32.9	39.5	28	240
16.633	-14.917	13/10/2017	33.9	42.3	25.4	240
16.633	-14.917	14/10/2017	34.3	42.4	26	240
16.633	-14.917	15/10/2017	33.4	42	25.8	240
16.633	-14.917	16/10/2017	32.8	41.6	26.4	240
16.633	-14.917	17/10/2017	33.4	41	27.8	240
16.633	-14.917	18/10/2017	35.7	42	29.2	240
16.633	-14.917	19/10/2017	34.4	42.5	29	240
16.633	-14.917	20/10/2017	33.1	41.8	25	240
16.633	-14.917	21/10/2017	31.6	41.9	25	240
16.633	-14.917	22/10/2017	33.2	42	26	240
16.633	-14.917	23/10/2017	32.5	42	25.8	240
16.633	-14.917	24/10/2017	32.2	40.5	24.45	240
16.633	-14.917	25/10/2017	31.7	39.8	23.1	240
16.633	-14.917	26/10/2017	32.8	41.6	23.55	240
16.633	-14.917	27/10/2017	32.7	42.6	24	240
16.633	-14.917	28/10/2017	32.4	42.8	24.3	240
16.633	-14.917	29/10/2017	32.6	43	24.9	240
16.633	-14.917	30/10/2017	33.2	41.7	25.5	240
16.633	-14.917	31/10/2017	32.4	41.7	23	240
16.633	-14.917	01/11/2017	32.2	41.9	23.25	240
16.633	-14.917	02/11/2017	33.1	42.3	23.5	240
16.633	-14.917	03/11/2017	32.1	41	23.8	240
16.633	-14.917	04/11/2017	29.6	39.5	22.3	240
16.633	-14.917	05/11/2017	29.2	40.2	20.8	240
16.633	-14.917	06/11/2017	29.7	39.7	20.85	240
16.633	-14.917	07/11/2017	28.6	36.5	20.85	240
16.633	-14.917	08/11/2017	27.6	38.6	20.9	240
16.633	-14.917	09/11/2017	30.1	40.7	21.5	240
16.633	-14.917	10/11/2017	30.7	39.5	23.4	240
16.633	-14.917	11/11/2017	32.3	37.7	24	240
16.633	-14.917	12/11/2017	28.9	35.9	21.9	240
16.633	-14.917	13/11/2017	28.2	35.4	19.8	240
16.633	-14.917	14/11/2017	28.2	34.9	20	240
16.633	-14.917	15/11/2017	27.4	36.5	18.5	240
16.633	-14.917	16/11/2017	26	36.9	19	240
16.633	-14.917	17/11/2017	28.1	33.5	21	240
16.633	-14.917	18/11/2017	26.4	35	18.75	240
16.633	-14.917	19/11/2017	25.3	35.9	16.5	240
16.633	-14.917	20/11/2017	27.3	36.9	17.8	240
16.633	-14.917	21/11/2017	28.9	37.5	19.1	240
16.633	-14.917	22/11/2017	27.2	35	19.65	240
16.633	-14.917	23/11/2017	27.9	36.4	20.2	240
16.633	-14.917	24/11/2017	29.7	37.8	21.55	240
16.633	-14.917	25/11/2017	29.6	37.9	21.55	240
16.633	-14.917	26/11/2017	29.3	39.1	22.9	240
16.633	-14.917	27/11/2017	29.8	37	23.5	240
16.633	-14.917	28/11/2017	27.7	36	22.25	240
16.633	-14.917	29/11/2017	25.5	36.75	22.25	240
16.633	-14.917	30/11/2017	30	37.5	21	240
16.633	-14.917	01/12/2017	29	37.25	20	240
16.633	-14.917	02/12/2017	29.3	37	23.2	240
16.633	-14.917	03/12/2017	28.8	36.2	20.1	240
16.633	-14.917	04/12/2017	28.3	37	21.05	240
16.633	-14.917	05/12/2017	27.7	35.25	21.05	240
16.633	-14.917	06/12/2017	26.8	33.5	22	240
16.633	-14.917	07/12/2017	25.1	32.5	19.25	240
16.633	-14.917	08/12/2017	24.4	31.9	16.5	240
16.633	-14.917	09/12/2017	23.8	31.3	17	240
16.633	-14.917	10/12/2017	23.4	32	17	240
16.633	-14.917	11/12/2017	22.9	32	17.5	240
16.633	-14.917	12/12/2017	23.1	32	14.5	240
16.633	-14.917	13/12/2017	20.8	29.9	15.5	240
16.633	-14.917	14/12/2017	19.6	27.8	15.75	240
16.633	-14.917	15/12/2017	22.8	29.5	16	240
16.633	-14.917	16/12/2017	22.7	30.5	16.15	240
16.633	-14.917	17/12/2017	23.2	30.5	16.15	240
16.633	-14.917	18/12/2017	24.5	31	16.3	240
16.633	-14.917	19/12/2017	23.9	28.75	17.8	240
16.633	-14.917	20/12/2017	21.9	28.75	17.85	240
16.633	-14.917	21/12/2017	22.2	26.5	17.9	240
16.633	-14.917	22/12/2017	19.9	24.5	15.8	240
16.633	-14.917	23/12/2017	21.1	26.9	15.5	240
16.633	-14.917	24/12/2017	20.8	26.9	15	240
16.633	-14.917	25/12/2017	22.2	29.3	15.1	240
16.633	-14.917	26/12/2017	22.2	29.3	16	240
16.633	-14.917	27/12/2017	24.3	30.6	17.4	240
16.633	-14.917	28/12/2017	24.9	30.8	18.8	240
16.633	-14.917	29/12/2017	21.4	31	14.5	240
16.633	-14.917	30/12/2017	23.6	31.5	15	240
16.633	-14.917	31/12/2017	22	33.5	15.5	240
