LATITUDE	LONGITUDE	Date	Tavg	Tmax	Tmin	Rainfall
16.051	-16.463	01/01/2017	26.6	34.9	17.3	284
16.051	-16.463	02/01/2017	26.9	35.2	17.3	284
16.051	-16.463	03/01/2017	26.8	35.3	17.6	284
16.051	-16.463	04/01/2017	24.6	33	18	284
16.051	-16.463	05/01/2017	24.7	33	16.55	284
16.051	-16.463	06/01/2017	24.4	33	16.55	284
16.051	-16.463	07/01/2017	24.1	33.4	15.1	284
16.051	-16.463	08/01/2017	24.2	33.8	17	284
16.051	-16.463	09/01/2017	27.7	35.6	19.3	284
16.051	-16.463	10/01/2017	25.3	31.4	19.25	284
16.051	-16.463	11/01/2017	24.8	31.5	19.2	284
16.051	-16.463	12/01/2017	22.2	32	15.95	284
16.051	-16.463	13/01/2017	22	31.9	12.7	284
16.051	-16.463	14/01/2017	22	30.6	14.9	284
16.051	-16.463	15/01/2017	20.6	31.6	15	284
16.051	-16.463	16/01/2017	20.5	32	15.5	284
16.051	-16.463	17/01/2017	21.6	31.6	15.5	284
16.051	-16.463	18/01/2017	22.8	33.4	15.5	284
16.051	-16.463	19/01/2017	22.4	33.25	16	284
16.051	-16.463	20/01/2017	22.1	33.1	16.15	284
16.051	-16.463	21/01/2017	25.3	31.25	16.3	284
16.051	-16.463	22/01/2017	23.3	29.4	15.85	284
16.051	-16.463	23/01/2017	21	29.4	15.4	284
16.051	-16.463	24/01/2017	19	30.4	13.5	284
16.051	-16.463	25/01/2017	23.3	32.9	14.3	284
16.051	-16.463	26/01/2017	23.5	33.5	14.5	284
16.051	-16.463	27/01/2017	21.9	34.7	14.7	284
16.051	-16.463	28/01/2017	22.1	34.6	16.3	284
16.051	-16.463	29/01/2017	24.9	34.5	16	284
16.051	-16.463	30/01/2017	22.7	33	15.5	284
16.051	-16.463	31/01/2017	21	31.5	15.5	284
16.051	-16.463	01/02/2017	20.7	31.7	15	284
16.051	-16.463	02/02/2017	22.9	31	17.3	284
16.051	-16.463	03/02/2017	25	32.5	14.6	284
16.051	-16.463	04/02/2017	24.1	34.6	15.8	284
16.051	-16.463	05/02/2017	23.8	33.5	15.8	284
16.051	-16.463	06/02/2017	26.4	35.2	17	284
16.051	-16.463	07/02/2017	26.7	35.3	18.4	284
16.051	-16.463	08/02/2017	23.8	35.1	17.45	284
16.051	-16.463	09/02/2017	23.2	35.8	16.5	284
16.051	-16.463	10/02/2017	22.3	35.5	16.75	284
16.051	-16.463	11/02/2017	21.5	33.75	17	284
16.051	-16.463	12/02/2017	20.8	33.75	17	284
16.051	-16.463	13/02/2017	20.5	33.75	16	284
16.051	-16.463	14/02/2017	21.8	32	16.7	284
16.051	-16.463	15/02/2017	22.7	30.1	16.1	284
16.051	-16.463	16/02/2017	20.5	28.35	15.5	284
16.051	-16.463	17/02/2017	19.6	26.6	16.5	284
16.051	-16.463	18/02/2017	21.1	28.4	15.6	284
16.051	-16.463	19/02/2017	21.9	27	17	284
16.051	-16.463	20/02/2017	20.9	27.4	16.4	284
16.051	-16.463	21/02/2017	20.1	27.4	15.8	284
16.051	-16.463	22/02/2017	21.9	29.6	15.7	284
16.051	-16.463	23/02/2017	23.8	34	16.9	284
16.051	-16.463	24/02/2017	23.5	33.6	18.4	284
16.051	-16.463	25/02/2017	24.4	35.55	18.8	284
16.051	-16.463	26/02/2017	26.2	37.5	19.2	284
16.051	-16.463	27/02/2017	23.6	31.5	18	284
16.051	-16.463	28/02/2017	21.7	31.5	17.5	284
16.051	-16.463	01/03/2017	22.3	34	17	284
16.051	-16.463	02/03/2017	24.8	34	18	284
16.051	-16.463	03/03/2017	24.7	34	18	284
16.051	-16.463	04/03/2017	23.9	36.5	17.6	284
16.051	-16.463	05/03/2017	27.1	37.25	17.5	284
16.051	-16.463	06/03/2017	27	38	17.4	284
16.051	-16.463	07/03/2017	24.1	34.5	17.8	284
16.051	-16.463	08/03/2017	26	40.9	19.65	284
16.051	-16.463	09/03/2017	27.8	41	21.5	284
16.051	-16.463	10/03/2017	27.2	40.8	20.2	284
16.051	-16.463	11/03/2017	29.2	41.9	20.3	284
16.051	-16.463	12/03/2017	27.7	41.5	20.4	284
16.051	-16.463	13/03/2017	26.1	41.5	19.15	284
16.051	-16.463	14/03/2017	24.3	34.2	17.9	284
16.051	-16.463	15/03/2017	23.7	31.6	17.9	284
16.051	-16.463	16/03/2017	24.6	30.4	19.5	284
16.051	-16.463	17/03/2017	22.7	28.6	18.7	284
16.051	-16.463	18/03/2017	21.5	26	17.9	284
16.051	-16.463	19/03/2017	21.8	28.7	17.4	284
16.051	-16.463	20/03/2017	22.4	34.7	17.95	284
16.051	-16.463	21/03/2017	25.8	36.3	17.95	284
16.051	-16.463	22/03/2017	24.9	34.1	18.5	284
16.051	-16.463	23/03/2017	23.2	34.8	17.9	284
16.051	-16.463	24/03/2017	20.6	28.3	18	284
16.051	-16.463	25/03/2017	21.9	30.5	18.1	284
16.051	-16.463	26/03/2017	21.8	31.8	17.5	284
16.051	-16.463	27/03/2017	24.2	36.2	18.9	284
16.051	-16.463	28/03/2017	27.9	40.2	21.5	284
16.051	-16.463	29/03/2017	28.8	41.5	22.9	284
16.051	-16.463	30/03/2017	28.6	34.05	22.5	284
16.051	-16.463	31/03/2017	22.8	26.6	19.5	284
16.051	-16.463	01/04/2017	33.1	44.5	18.8	284
16.051	-16.463	02/04/2017	28.9	43.6	21.3	284
16.051	-16.463	03/04/2017	30	41.55	17.2	284
16.051	-16.463	04/04/2017	28.4	39.5	20	284
16.051	-16.463	05/04/2017	29.3	41.2	21.1	284
16.051	-16.463	06/04/2017	26.9	35.6	19.35	284
16.051	-16.463	07/04/2017	23.2	36.3	17.6	284
16.051	-16.463	08/04/2017	23.6	37	17.3	284
16.051	-16.463	09/04/2017	22.4	29.6	17	284
16.051	-16.463	10/04/2017	27.3	36	19.4	284
16.051	-16.463	11/04/2017	27.5	40.6	20.4	284
16.051	-16.463	12/04/2017	29.5	39.1	22.9	284
16.051	-16.463	13/04/2017	33.3	41.8	21.7	284
16.051	-16.463	14/04/2017	32.8	42.1	21.5	284
16.051	-16.463	15/04/2017	29.8	42.4	22.2	284
16.051	-16.463	16/04/2017	26.8	41	22.1	284
16.051	-16.463	17/04/2017	25.5	34.7	20.8	284
16.051	-16.463	18/04/2017	24.2	32.6	19.4	284
16.051	-16.463	19/04/2017	23.2	30.2	19.05	284
16.051	-16.463	20/04/2017	22.7	30.1	19.05	284
16.051	-16.463	21/04/2017	23.2	28.8	18.7	284
16.051	-16.463	22/04/2017	24.2	30.3	18.5	284
16.051	-16.463	23/04/2017	23.9	30.6	18.5	284
16.051	-16.463	24/04/2017	21.8	28.1	18.2	284
16.051	-16.463	25/04/2017	24.1	29.3	17.5	284
16.051	-16.463	26/04/2017	25.3	32.65	18.7	284
16.051	-16.463	27/04/2017	26.4	36	19.2	284
16.051	-16.463	28/04/2017	24.7	34.2	19.2	284
16.051	-16.463	29/04/2017	23.8	32.4	19.7	284
16.051	-16.463	30/04/2017	24.3	31.6	19.5	284
16.051	-16.463	01/05/2017	24.7	30.5	19.3	284
16.051	-16.463	02/05/2017	23.8	31	19.6	284
16.051	-16.463	03/05/2017	23.1	28.5	19	284
16.051	-16.463	04/05/2017	22.4	27.4	18.5	284
16.051	-16.463	05/05/2017	23.3	29	18.3	284
16.051	-16.463	06/05/2017	24.1	31.1	19.2	284
16.051	-16.463	07/05/2017	26.9	32.3	20.5	284
16.051	-16.463	08/05/2017	25.6	35	21.2	284
16.051	-16.463	09/05/2017	24.2	27.6	21.7	284
16.051	-16.463	10/05/2017	24.1	27.8	21.6	284
16.051	-16.463	11/05/2017	23.5	27.5	20.6	284
16.051	-16.463	12/05/2017	24.7	31.6	21.5	284
16.051	-16.463	13/05/2017	23.6	28.2	20.9	284
16.051	-16.463	14/05/2017	23.9	28.5	20.9	284
16.051	-16.463	15/05/2017	23.7	28.8	20.9	284
16.051	-16.463	16/05/2017	26	29	22	284
16.051	-16.463	17/05/2017	26.2	30.6	22	284
16.051	-16.463	18/05/2017	25.3	28.2	23.1	284
16.051	-16.463	19/05/2017	24.2	27.6	22	284
16.051	-16.463	20/05/2017	24.2	27.6	21.5	284
16.051	-16.463	21/05/2017	24.7	28.9	21.6	284
16.051	-16.463	22/05/2017	24.7	28.5	21.6	284
16.051	-16.463	23/05/2017	24.2	28.95	22.4	284
16.051	-16.463	24/05/2017	25.8	29.4	21	284
16.051	-16.463	25/05/2017	25.8	29.9	21	284
16.051	-16.463	26/05/2017	24.3	28.5	19.6	284
16.051	-16.463	27/05/2017	24.1	28.1	21.4	284
16.051	-16.463	28/05/2017	25.2	28.2	22	284
16.051	-16.463	29/05/2017	25.8	29.5	21.5	284
16.051	-16.463	30/05/2017	26.7	32	23.2	284
16.051	-16.463	31/05/2017	26.6	31.5	23.4	284
16.051	-16.463	01/06/2017	27	31.8	23	284
16.051	-16.463	02/06/2017	25.8	32.2	21.3	284
16.051	-16.463	03/06/2017	25.2	32.5	20	284
16.051	-16.463	04/06/2017	25.2	30.7	20.8	284
16.051	-16.463	05/06/2017	25	29	21.8	284
16.051	-16.463	06/06/2017	25.8	29.5	22	284
16.051	-16.463	07/06/2017	25.8	29.35	23.4	284
16.051	-16.463	08/06/2017	26.2	29.2	23.9	284
16.051	-16.463	09/06/2017	27.6	32	24.3	284
16.051	-16.463	10/06/2017	27	30.5	23.55	284
16.051	-16.463	11/06/2017	26.3	29.8	23.55	284
16.051	-16.463	12/06/2017	26.7	29.4	23.55	284
16.051	-16.463	13/06/2017	26.7	30.1	22.8	284
16.051	-16.463	14/06/2017	27	30.8	23.4	284
16.051	-16.463	15/06/2017	26.6	32.6	22.85	284
16.051	-16.463	16/06/2017	25.7	31.1	22.3	284
16.051	-16.463	17/06/2017	26.4	29.6	22.6	284
16.051	-16.463	18/06/2017	26.6	30.4	22.8	284
16.051	-16.463	19/06/2017	26.2	31	23.65	284
16.051	-16.463	20/06/2017	26.5	29.8	24.5	284
16.051	-16.463	21/06/2017	27.2	30.5	24.4	284
16.051	-16.463	22/06/2017	28.2	31.2	25.5	284
16.051	-16.463	23/06/2017	29	32.2	25.2	284
16.051	-16.463	24/06/2017	28.5	33.2	25.6	284
16.051	-16.463	25/06/2017	28.2	30.9	25	284
16.051	-16.463	26/06/2017	28.5	30.35	25.6	284
16.051	-16.463	27/06/2017	25.3	29.8	24.6	284
16.051	-16.463	28/06/2017	27.3	31	23.6	284
16.051	-16.463	29/06/2017	29.7	33.7	25.6	284
16.051	-16.463	30/06/2017	28.6	33.85	26.4	284
16.051	-16.463	01/07/2017	27.8	33.85	26	284
16.051	-16.463	02/07/2017	28.4	34	25	284
16.051	-16.463	03/07/2017	28.8	33.05	25.75	284
16.051	-16.463	04/07/2017	28.9	32.1	26.5	284
16.051	-16.463	05/07/2017	28.2	32	25.85	284
16.051	-16.463	06/07/2017	28.3	31.9	25.2	284
16.051	-16.463	07/07/2017	29.4	31.7	25	284
16.051	-16.463	08/07/2017	29.4	31.7	26	284
16.051	-16.463	09/07/2017	28.1	31.7	26	284
16.051	-16.463	10/07/2017	28.6	31.5	25.75	284
16.051	-16.463	11/07/2017	28.2	31.5	25.5	284
16.051	-16.463	12/07/2017	28.6	31.5	25.5	284
16.051	-16.463	13/07/2017	28.3	31.5	26	284
16.051	-16.463	14/07/2017	27.4	29.5	25	284
16.051	-16.463	15/07/2017	27.9	30.8	23.5	284
16.051	-16.463	16/07/2017	29.1	32.1	25	284
16.051	-16.463	17/07/2017	27.9	36.3	26.2	284
16.051	-16.463	18/07/2017	28.2	40.5	25.7	284
16.051	-16.463	19/07/2017	28.8	32.5	25.2	284
16.051	-16.463	20/07/2017	29.7	32.25	26	284
16.051	-16.463	21/07/2017	28.3	32.25	26.7	284
16.051	-16.463	22/07/2017	27.6	32.25	25.8	284
16.051	-16.463	23/07/2017	28.2	32.25	25.3	284
16.051	-16.463	24/07/2017	28.7	32	25	284
16.051	-16.463	25/07/2017	27.9	30.7	25.5	284
16.051	-16.463	26/07/2017	28.4	31	25.6	284
16.051	-16.463	27/07/2017	28.3	31.7	25.4	284
16.051	-16.463	28/07/2017	28.6	32.2	24.9	284
16.051	-16.463	29/07/2017	28.8	33.6	24.35	284
16.051	-16.463	30/07/2017	29.4	32.8	23.8	284
16.051	-16.463	31/07/2017	28.1	31.6	24.5	284
16.051	-16.463	01/08/2017	29.8	33	25.4	284
16.051	-16.463	02/08/2017	28.5	32.1	25.85	284
16.051	-16.463	03/08/2017	28.7	31.95	26.3	284
16.051	-16.463	04/08/2017	28.7	31.8	26.3	284
16.051	-16.463	05/08/2017	28.1	31.2	25.4	284
16.051	-16.463	06/08/2017	27.6	31	25.5	284
16.051	-16.463	07/08/2017	28.6	31.85	25.9	284
16.051	-16.463	08/08/2017	29.6	32.7	26.3	284
16.051	-16.463	09/08/2017	28.4	31.6	23.7	284
16.051	-16.463	10/08/2017	28.4	31.9	24.9	284
16.051	-16.463	11/08/2017	29.3	32.2	24.9	284
16.051	-16.463	12/08/2017	27.8	32	24.9	284
16.051	-16.463	13/08/2017	28.5	31.6	24.9	284
16.051	-16.463	14/08/2017	28.7	31.4	26.1	284
16.051	-16.463	15/08/2017	29.8	32.2	26.55	284
16.051	-16.463	16/08/2017	29.2	32.2	27	284
16.051	-16.463	17/08/2017	29.9	33	26.5	284
16.051	-16.463	18/08/2017	29.1	32.85	28	284
16.051	-16.463	19/08/2017	29.3	32.85	26.8	284
16.051	-16.463	20/08/2017	27.8	32.85	22.5	284
16.051	-16.463	21/08/2017	28.7	32.7	24.8	284
16.051	-16.463	22/08/2017	29.4	32.4	26	284
16.051	-16.463	23/08/2017	29.7	31.55	27.2	284
16.051	-16.463	24/08/2017	27.4	30.7	26	284
16.051	-16.463	25/08/2017	28.7	32.85	24	284
16.051	-16.463	26/08/2017	27.7	32.85	23.8	284
16.051	-16.463	27/08/2017	29.4	32.85	23.6	284
16.051	-16.463	28/08/2017	29.6	35	23.4	284
16.051	-16.463	29/08/2017	29.1	32.3	26.6	284
16.051	-16.463	30/08/2017	29.9	32.2	27.6	284
16.051	-16.463	31/08/2017	29.6	32	27.3	284
16.051	-16.463	01/09/2017	29.4	33.2	25.7	284
16.051	-16.463	02/09/2017	28.5	31.5	26.1	284
16.051	-16.463	03/09/2017	29.2	32	26.7	284
16.051	-16.463	04/09/2017	29.7	30.8	27.3	284
16.051	-16.463	05/09/2017	25.9	29.6	20.5	284
16.051	-16.463	06/09/2017	28.7	32.8	23.5	284
16.051	-16.463	07/09/2017	29.6	32	27	284
16.051	-16.463	08/09/2017	27.6	31.2	27.2	284
16.051	-16.463	09/09/2017	29.2	33.6	27.2	284
16.051	-16.463	10/09/2017	29.4	32.65	27.4	284
16.051	-16.463	11/09/2017	29.1	31.7	26.5	284
16.051	-16.463	12/09/2017	30.7	35	25.6	284
16.051	-16.463	13/09/2017	30.1	33.5	26.4	284
16.051	-16.463	14/09/2017	29.8	33.5	26.5	284
16.051	-16.463	15/09/2017	29.1	33.5	26.45	284
16.051	-16.463	16/09/2017	28.9	32	26.4	284
16.051	-16.463	17/09/2017	29.1	32.8	25.3	284
16.051	-16.463	18/09/2017	29.2	33.5	25.3	284
16.051	-16.463	19/09/2017	29.8	32.85	24.2	284
16.051	-16.463	20/09/2017	30.2	32.2	28.2	284
16.051	-16.463	21/09/2017	30.9	41.4	27	284
16.051	-16.463	22/09/2017	28.8	33.4	26	284
16.051	-16.463	23/09/2017	26.9	31.9	23.2	284
16.051	-16.463	24/09/2017	28.8	33.3	23.85	284
16.051	-16.463	25/09/2017	27.1	31.6	24.5	284
16.051	-16.463	26/09/2017	28.1	31.8	25.5	284
16.051	-16.463	27/09/2017	29.3	32.6	26	284
16.051	-16.463	28/09/2017	29.9	34.2	26.4	284
16.051	-16.463	29/09/2017	30.1	34	26.5	284
16.051	-16.463	30/09/2017	30.6	34.5	24.2	284
16.051	-16.463	01/10/2017	29.7	33.65	24.2	284
16.051	-16.463	02/10/2017	29.6	33.65	24.2	284
16.051	-16.463	03/10/2017	29.7	32.8	21.9	284
16.051	-16.463	04/10/2017	27.3	31.8	22.7	284
16.051	-16.463	05/10/2017	29.7	37.4	23.5	284
16.051	-16.463	06/10/2017	33.8	43	23.9	284
16.051	-16.463	07/10/2017	32.8	38	23.9	284
16.051	-16.463	08/10/2017	28.6	38	21.5	284
16.051	-16.463	09/10/2017	30	33	24	284
16.051	-16.463	10/10/2017	29.9	37.5	23.6	284
16.051	-16.463	11/10/2017	28.2	35.35	23	284
16.051	-16.463	12/10/2017	29.3	33.2	24.6	284
16.051	-16.463	13/10/2017	29.7	38.35	22.6	284
16.051	-16.463	14/10/2017	33.4	43.5	24.9	284
16.051	-16.463	15/10/2017	31	41.3	24.45	284
16.051	-16.463	16/10/2017	30	33.9	24	284
16.051	-16.463	17/10/2017	29.8	33.9	24.8	284
16.051	-16.463	18/10/2017	33	42.3	24.2	284
16.051	-16.463	19/10/2017	32.4	43.3	24.1	284
16.051	-16.463	20/10/2017	33.9	42.9	23.5	284
16.051	-16.463	21/10/2017	32.1	42.9	20.4	284
16.051	-16.463	22/10/2017	32.3	42.5	21.2	284
16.051	-16.463	23/10/2017	33.3	42.6	22.2	284
16.051	-16.463	24/10/2017	32.4	42	21	284
16.051	-16.463	25/10/2017	30.9	40.4	20	284
16.051	-16.463	26/10/2017	29.3	37.8	20.7	284
16.051	-16.463	27/10/2017	29.1	41.5	20.3	284
16.051	-16.463	28/10/2017	32.8	42.5	21.2	284
16.051	-16.463	29/10/2017	32.9	43.5	19.3	284
16.051	-16.463	30/10/2017	27.9	33.4	19	284
16.051	-16.463	31/10/2017	27.9	32.9	20.7	284
16.051	-16.463	01/11/2017	29.3	37.5	19.3	284
16.051	-16.463	02/11/2017	32.7	42.3	22.1	284
16.051	-16.463	03/11/2017	29.8	42.2	18.7	284
16.051	-16.463	04/11/2017	27.2	35.7	19.2	284
16.051	-16.463	05/11/2017	28.6	36.2	20.6	284
16.051	-16.463	06/11/2017	27.6	32.5	21	284
16.051	-16.463	07/11/2017	26.4	32.75	21.5	284
16.051	-16.463	08/11/2017	25.9	33	20.5	284
16.051	-16.463	09/11/2017	27.6	35.4	19.6	284
16.051	-16.463	10/11/2017	29.5	40.5	22	284
16.051	-16.463	11/11/2017	33.1	41.5	20.4	284
16.051	-16.463	12/11/2017	28.6	37.5	20.9	284
16.051	-16.463	13/11/2017	28.6	37.05	19	284
16.051	-16.463	14/11/2017	27.1	36.6	18.5	284
16.051	-16.463	15/11/2017	26.6	35.9	18.2	284
16.051	-16.463	16/11/2017	26.3	35.9	17.9	284
16.051	-16.463	17/11/2017	27.1	35.2	20.1	284
16.051	-16.463	18/11/2017	26.8	35.7	16.8	284
16.051	-16.463	19/11/2017	26.1	35.85	16.5	284
16.051	-16.463	20/11/2017	25.2	35.85	15.7	284
16.051	-16.463	21/11/2017	26.1	36	17	284
16.051	-16.463	22/11/2017	25.4	32.2	18	284
16.051	-16.463	23/11/2017	24.8	33.8	18.5	284
16.051	-16.463	24/11/2017	25.9	35.4	17.4	284
16.051	-16.463	25/11/2017	29.5	37.5	21.8	284
16.051	-16.463	26/11/2017	30.1	40	21.3	284
16.051	-16.463	27/11/2017	29.6	38	21.3	284
16.051	-16.463	28/11/2017	27.2	37.5	20.5	284
16.051	-16.463	29/11/2017	24.9	36.8	19.6	284
16.051	-16.463	30/11/2017	28.2	36.8	17.2	284
16.051	-16.463	01/12/2017	28.6	36.8	18.9	284
16.051	-16.463	02/12/2017	27.9	36.8	19.5	284
16.051	-16.463	03/12/2017	27.6	36.1	18.5	284
16.051	-16.463	04/12/2017	27.6	36.2	18.4	284
16.051	-16.463	05/12/2017	26.4	34.1	17.1	284
16.051	-16.463	06/12/2017	26.6	34.1	18.9	284
16.051	-16.463	07/12/2017	25.7	34.1	16.6	284
16.051	-16.463	08/12/2017	24.3	32	14.2	284
16.051	-16.463	09/12/2017	23.1	32	14.5	284
16.051	-16.463	10/12/2017	24.4	32.5	14.5	284
16.051	-16.463	11/12/2017	24.5	31	16.3	284
16.051	-16.463	12/12/2017	21.5	29.5	13.8	284
16.051	-16.463	13/12/2017	20.9	29.75	13.5	284
16.051	-16.463	14/12/2017	21.1	29.75	13	284
16.051	-16.463	15/12/2017	21.6	30	12.5	284
16.051	-16.463	16/12/2017	23.1	30.5	15.4	284
16.051	-16.463	17/12/2017	24.1	31	16.5	284
16.051	-16.463	18/12/2017	23.4	31	14.7	284
16.051	-16.463	19/12/2017	22.9	28	16	284
16.051	-16.463	20/12/2017	23.1	28	16.8	284
16.051	-16.463	21/12/2017	22.7	28	15.6	284
16.051	-16.463	22/12/2017	20.7	25	14.8	284
16.051	-16.463	23/12/2017	20.8	27.45	13.65	284
16.051	-16.463	24/12/2017	21.1	27.45	12.5	284
16.051	-16.463	25/12/2017	21.2	29.9	12.7	284
16.051	-16.463	26/12/2017	21.8	29	14.7	284
16.051	-16.463	27/12/2017	24.9	31.5	16.5	284
16.051	-16.463	28/12/2017	23	30.6	15.4	284
16.051	-16.463	29/12/2017	22.3	31.6	13.5	284
16.051	-16.463	30/12/2017	24.8	32.6	14.2	284
16.051	-16.463	31/12/2017	23.3	33.3	14	284
