LATITUDE	LONGITUDE	Date	Tavg	Tmax	Tmin	Rainfall
14.9	5.25	01/01/2017	21.3	28.65	15.95	365
14.9	5.25	02/01/2017	20.2	28.5	15.5	365
14.9	5.25	03/01/2017	21.9	29.8	14.6	365
14.9	5.25	04/01/2017	23.1	30.05	16	365
14.9	5.25	05/01/2017	22.3	30.3	15.85	365
14.9	5.25	06/01/2017	23	31	15.7	365
14.9	5.25	07/01/2017	24.2	32.5	17	365
14.9	5.25	08/01/2017	23.8	31.5	17	365
14.9	5.25	09/01/2017	22.6	30.5	15.4	365
14.9	5.25	10/01/2017	21.9	30	13.8	365
14.9	5.25	11/01/2017	22.2	30	13.75	365
14.9	5.25	12/01/2017	22.9	31	13.7	365
14.9	5.25	13/01/2017	20.3	28.5	13.85	365
14.9	5.25	14/01/2017	21.9	29.3	14	365
14.9	5.25	15/01/2017	22.9	31	16.5	365
14.9	5.25	16/01/2017	23.3	32	16.5	365
14.9	5.25	17/01/2017	26.3	33	19	365
14.9	5.25	18/01/2017	26.6	34.6	19.8	365
14.9	5.25	19/01/2017	26.8	35.05	20	365
14.9	5.25	20/01/2017	28.2	35.5	20.5	365
14.9	5.25	21/01/2017	28.4	37	20.5	365
14.9	5.25	22/01/2017	28.9	36.7	20.5	365
14.9	5.25	23/01/2017	25.7	32.2	21	365
14.9	5.25	24/01/2017	23.9	31	18.4	365
14.9	5.25	25/01/2017	24	32.3	18.2	365
14.9	5.25	26/01/2017	25.9	33.3	18	365
14.9	5.25	27/01/2017	26.3	33.4	18.6	365
14.9	5.25	28/01/2017	24.9	33.5	18.05	365
14.9	5.25	29/01/2017	24.6	33	17.5	365
14.9	5.25	30/01/2017	24.3	33.2	16.4	365
14.9	5.25	31/01/2017	24.6	33	16	365
14.9	5.25	01/02/2017	25.1	32.5	18.5	365
14.9	5.25	02/02/2017	25.5	32.8	21	365
14.9	5.25	03/02/2017	25.8	33	19.5	365
14.9	5.25	04/02/2017	25.9	33.6	19.6	365
14.9	5.25	05/02/2017	26.2	33.7	19.7	365
14.9	5.25	06/02/2017	25.2	33.8	18	365
14.9	5.25	07/02/2017	25.3	33.7	18.3	365
14.9	5.25	08/02/2017	25.2	33.8	17.5	365
14.9	5.25	09/02/2017	25.9	33	20.6	365
14.9	5.25	10/02/2017	25.6	33.5	19	365
14.9	5.25	11/02/2017	26.5	34.5	19.7	365
14.9	5.25	12/02/2017	25.7	34.4	20	365
14.9	5.25	13/02/2017	26.6	36.3	19.4	365
14.9	5.25	14/02/2017	26.6	33.8	20.4	365
14.9	5.25	15/02/2017	24.9	33	17	365
14.9	5.25	16/02/2017	25.4	33.5	16.75	365
14.9	5.25	17/02/2017	23.6	31.4	16.5	365
14.9	5.25	18/02/2017	22.9	30.5	15.75	365
14.9	5.25	19/02/2017	23.1	31.4	15	365
14.9	5.25	20/02/2017	24.3	32.5	14.6	365
14.9	5.25	21/02/2017	26.3	33.8	17.8	365
14.9	5.25	22/02/2017	28.3	34.8	19.7	365
14.9	5.25	23/02/2017	28.2	35.5	21.6	365
14.9	5.25	24/02/2017	27.9	35	21.55	365
14.9	5.25	25/02/2017	28.4	35.8	21.5	365
14.9	5.25	26/02/2017	28.6	37	19.4	365
14.9	5.25	27/02/2017	28.4	38.8	19	365
14.9	5.25	28/02/2017	30.2	39.8	21.8	365
14.9	5.25	01/03/2017	31.4	39.5	22	365
14.9	5.25	02/03/2017	31.9	40	22.5	365
14.9	5.25	03/03/2017	31.4	40	23.35	365
14.9	5.25	04/03/2017	32	39	24.2	365
14.9	5.25	05/03/2017	31.2	38	23.5	365
14.9	5.25	06/03/2017	30.4	37	22	365
14.9	5.25	07/03/2017	30.4	37.8	22.95	365
14.9	5.25	08/03/2017	31.1	38.5	23.9	365
14.9	5.25	09/03/2017	29.9	38.3	21.8	365
14.9	5.25	10/03/2017	29.3	38	22.6	365
14.9	5.25	11/03/2017	27.6	35.5	20	365
14.9	5.25	12/03/2017	27.3	35.5	18	365
14.9	5.25	13/03/2017	27.9	36.4	17.2	365
14.9	5.25	14/03/2017	29.9	38	20	365
14.9	5.25	15/03/2017	31.2	39	19.6	365
14.9	5.25	16/03/2017	31.2	39	20.7	365
14.9	5.25	17/03/2017	32.8	41	23	365
14.9	5.25	18/03/2017	32.1	40.5	22.3	365
14.9	5.25	19/03/2017	32.4	39.5	22	365
14.9	5.25	20/03/2017	32	40	24	365
14.9	5.25	21/03/2017	33.3	41	24.4	365
14.9	5.25	22/03/2017	33.5	41.5	24.2	365
14.9	5.25	23/03/2017	33.8	42	24	365
14.9	5.25	24/03/2017	33.4	41	26	365
14.9	5.25	25/03/2017	34.2	40.5	26.9	365
14.9	5.25	26/03/2017	34.5	42	26.45	365
14.9	5.25	27/03/2017	33.6	40	26	365
14.9	5.25	28/03/2017	32.4	40.5	24	365
14.9	5.25	29/03/2017	32.7	41.2	22.5	365
14.9	5.25	30/03/2017	33.7	41.8	24.2	365
14.9	5.25	31/03/2017	34.9	42	26.5	365
14.9	5.25	01/04/2017	33.4	40.2	28.4	365
14.9	5.25	02/04/2017	33.1	39.7	28	365
14.9	5.25	03/04/2017	32.3	41	26.5	365
14.9	5.25	04/04/2017	33.2	41	23.5	365
14.9	5.25	05/04/2017	34.6	41.2	28.5	365
14.9	5.25	06/04/2017	35.6	42.4	29.5	365
14.9	5.25	07/04/2017	32.7	39.3	29.5	365
14.9	5.25	08/04/2017	34.4	41.8	29.5	365
14.9	5.25	09/04/2017	36.1	42.4	30.25	365
14.9	5.25	10/04/2017	36.8	42.6	31	365
14.9	5.25	11/04/2017	36.8	42.4	28.9	365
14.9	5.25	12/04/2017	36.1	40.8	27.5	365
14.9	5.25	13/04/2017	34.1	39.2	26.95	365
14.9	5.25	14/04/2017	32.7	37	26.95	365
14.9	5.25	15/04/2017	31.7	37.5	26.4	365
14.9	5.25	16/04/2017	31	38.5	24.3	365
14.9	5.25	17/04/2017	32	39.2	23.5	365
14.9	5.25	18/04/2017	33.7	40.2	24	365
14.9	5.25	19/04/2017	36.1	41.4	26.5	365
14.9	5.25	20/04/2017	36	41.3	28.5	365
14.9	5.25	21/04/2017	36.6	42	27	365
14.9	5.25	22/04/2017	33.9	42	24	365
14.9	5.25	23/04/2017	35.4	42.5	24.4	365
14.9	5.25	24/04/2017	37.6	43.5	27.5	365
14.9	5.25	25/04/2017	37.2	43	28	365
14.9	5.25	26/04/2017	37.1	42.5	29.5	365
14.9	5.25	27/04/2017	35	42.7	30.5	365
14.9	5.25	28/04/2017	35.4	42	31	365
14.9	5.25	29/04/2017	35.2	42.3	30	365
14.9	5.25	30/04/2017	36.5	43	29.6	365
14.9	5.25	01/05/2017	35.1	42.5	28	365
14.9	5.25	02/05/2017	36	42.6	29.1	365
14.9	5.25	03/05/2017	35.7	42.7	30.2	365
14.9	5.25	04/05/2017	34.2	40.5	30.1	365
14.9	5.25	05/05/2017	36.1	43.8	30	365
14.9	5.25	06/05/2017	36.5	43.4	30.5	365
14.9	5.25	07/05/2017	34.9	42.5	29.5	365
14.9	5.25	08/05/2017	36.3	43	29.25	365
14.9	5.25	09/05/2017	35.3	42.4	29	365
14.9	5.25	10/05/2017	34.4	41	27.5	365
14.9	5.25	11/05/2017	32.2	39.2	26	365
14.9	5.25	12/05/2017	34.7	41	29.6	365
14.9	5.25	13/05/2017	36.2	44.3	30	365
14.9	5.25	14/05/2017	36.6	44	28.5	365
14.9	5.25	15/05/2017	34.1	38.6	30	365
14.9	5.25	16/05/2017	34.7	39	31	365
14.9	5.25	17/05/2017	30.3	36	30.4	365
14.9	5.25	18/05/2017	32.8	38.5	30.4	365
14.9	5.25	19/05/2017	33.6	39	29.8	365
14.9	5.25	20/05/2017	35.2	42	29.4	365
14.9	5.25	21/05/2017	35.2	43	29	365
14.9	5.25	22/05/2017	35.9	41.6	29.5	365
14.9	5.25	23/05/2017	35.8	43.2	30	365
14.9	5.25	24/05/2017	34.6	39	30.7	365
14.9	5.25	25/05/2017	35.3	40.5	29.1	365
14.9	5.25	26/05/2017	32.6	37.5	27.5	365
14.9	5.25	27/05/2017	34.6	40.2	27.4	365
14.9	5.25	28/05/2017	37.1	42.5	31.4	365
14.9	5.25	29/05/2017	37.9	43.5	31.5	365
14.9	5.25	30/05/2017	33.8	38	29.75	365
14.9	5.25	31/05/2017	32.8	39	28	365
14.9	5.25	01/06/2017	33.9	40	26	365
14.9	5.25	02/06/2017	37.9	44	31	365
14.9	5.25	03/06/2017	34.9	39	30	365
14.9	5.25	04/06/2017	32.6	39	28	365
14.9	5.25	05/06/2017	33.2	39	26	365
14.9	5.25	06/06/2017	34.2	38.7	29	365
14.9	5.25	07/06/2017	25.4	33	26.5	365
14.9	5.25	08/06/2017	29.9	34.5	24	365
14.9	5.25	09/06/2017	34.2	40	27	365
14.9	5.25	10/06/2017	35.5	41	30	365
14.9	5.25	11/06/2017	35	38	31	365
14.9	5.25	12/06/2017	34.5	39	26.5	365
14.9	5.25	13/06/2017	30.5	40.5	26.5	365
14.9	5.25	14/06/2017	29.6	40.5	22	365
14.9	5.25	15/06/2017	32.6	40.5	28	365
14.9	5.25	16/06/2017	36.3	42	29.5	365
14.9	5.25	17/06/2017	32.3	40	28.35	365
14.9	5.25	18/06/2017	32.2	38	27.2	365
14.9	5.25	19/06/2017	32.8	36.5	28.5	365
14.9	5.25	20/06/2017	31.8	36	27.2	365
14.9	5.25	21/06/2017	30.6	37	25.6	365
14.9	5.25	22/06/2017	32.1	39	24	365
14.9	5.25	23/06/2017	33.7	38	28	365
14.9	5.25	24/06/2017	30.3	36.4	23	365
14.9	5.25	25/06/2017	28.2	36.7	18	365
14.9	5.25	26/06/2017	31.2	36.7	26	365
14.9	5.25	27/06/2017	32.7	37	28	365
14.9	5.25	28/06/2017	31.8	35.5	27	365
14.9	5.25	29/06/2017	31.4	36	26	365
14.9	5.25	30/06/2017	33.7	37.5	28.3	365
14.9	5.25	01/07/2017	32.3	36.2	28	365
14.9	5.25	02/07/2017	31.9	36.4	27.5	365
14.9	5.25	03/07/2017	30.3	35.95	27.25	365
14.9	5.25	04/07/2017	29.8	35.5	27.25	365
14.9	5.25	05/07/2017	31.8	36.2	27	365
14.9	5.25	06/07/2017	30.7	36	24.5	365
14.9	5.25	07/07/2017	31.2	36.2	25.4	365
14.9	5.25	08/07/2017	32.1	36.3	27.2	365
14.9	5.25	09/07/2017	31.7	37	22.8	365
14.9	5.25	10/07/2017	25.7	32	18.4	365
14.9	5.25	11/07/2017	28.4	32.5	24.5	365
14.9	5.25	12/07/2017	30.7	35	26.4	365
14.9	5.25	13/07/2017	30	34.5	25.6	365
14.9	5.25	14/07/2017	30.3	35.5	24.5	365
14.9	5.25	15/07/2017	29.6	33.5	21	365
14.9	5.25	16/07/2017	31.6	37	26.5	365
14.9	5.25	17/07/2017	31.4	36.35	25.7	365
14.9	5.25	18/07/2017	29	35.7	24.65	365
14.9	5.25	19/07/2017	28.4	32.2	23.6	365
14.9	5.25	20/07/2017	31.1	36	25.8	365
14.9	5.25	21/07/2017	32.4	37	27.7	365
14.9	5.25	22/07/2017	28.4	34	23.5	365
14.9	5.25	23/07/2017	30.4	34.1	22.95	365
14.9	5.25	24/07/2017	31.3	36	22.95	365
14.9	5.25	25/07/2017	28.6	35.5	22.4	365
14.9	5.25	26/07/2017	30	35	24.4	365
14.9	5.25	27/07/2017	29.9	34	24.6	365
14.9	5.25	28/07/2017	30.8	36.3	22	365
14.9	5.25	29/07/2017	32.2	36.2	27.4	365
14.9	5.25	30/07/2017	27.1	31.5	18.6	365
14.9	5.25	31/07/2017	30.5	35	24.5	365
14.9	5.25	01/08/2017	31.1	36	26.5	365
14.9	5.25	02/08/2017	30.9	34.2	27	365
14.9	5.25	03/08/2017	31.4	35	26	365
14.9	5.25	04/08/2017	27.9	31.4	22.8	365
14.9	5.25	05/08/2017	29.1	34	24	365
14.9	5.25	06/08/2017	29.8	34.2	23.95	365
14.9	5.25	07/08/2017	27.6	32	23.95	365
14.9	5.25	08/08/2017	28.2	33	23.9	365
14.9	5.25	09/08/2017	29.6	33.5	23.7	365
14.9	5.25	10/08/2017	30.3	35.2	23.5	365
14.9	5.25	11/08/2017	32.3	37.5	26	365
14.9	5.25	12/08/2017	33.1	37	27.8	365
14.9	5.25	13/08/2017	31.9	37.5	25.6	365
14.9	5.25	14/08/2017	28.6	33	23.8	365
14.9	5.25	15/08/2017	29.4	35.8	26	365
14.9	5.25	16/08/2017	33.9	38.6	27.8	365
14.9	5.25	17/08/2017	32.1	36	27.6	365
14.9	5.25	18/08/2017	26.5	29.5	26.05	365
14.9	5.25	19/08/2017	28.9	33	24.5	365
14.9	5.25	20/08/2017	29.2	34	25.6	365
14.9	5.25	21/08/2017	29.2	34.6	23.8	365
14.9	5.25	22/08/2017	27.1	32	22	365
14.9	5.25	23/08/2017	26.7	31	22.5	365
14.9	5.25	24/08/2017	29.7	34.8	23	365
14.9	5.25	25/08/2017	32.8	38.5	27	365
14.9	5.25	26/08/2017	29.7	33.6	25.5	365
14.9	5.25	27/08/2017	29.7	34.4	24	365
14.9	5.25	28/08/2017	32.2	37.5	26	365
14.9	5.25	29/08/2017	33.2	40	26.5	365
14.9	5.25	30/08/2017	28.2	34.2	24.65	365
14.9	5.25	31/08/2017	26.6	30	22.8	365
14.9	5.25	01/09/2017	29.3	33.6	24.5	365
14.9	5.25	02/09/2017	31.8	37	25.4	365
14.9	5.25	03/09/2017	27.1	31.5	24.2	365
14.9	5.25	04/09/2017	28.3	33	23	365
14.9	5.25	05/09/2017	29.1	35.6	24	365
14.9	5.25	06/09/2017	30.7	38	24.8	365
14.9	5.25	07/09/2017	29.7	36.5	26	365
14.9	5.25	08/09/2017	28.7	33.2	25.65	365
14.9	5.25	09/09/2017	29.5	35.5	25.3	365
14.9	5.25	10/09/2017	31.9	38.5	26.05	365
14.9	5.25	11/09/2017	30.8	35.5	26.8	365
14.9	5.25	12/09/2017	31.4	38.5	25.6	365
14.9	5.25	13/09/2017	31.9	38	28	365
14.9	5.25	14/09/2017	31.2	38.5	25.8	365
14.9	5.25	15/09/2017	32.1	39.3	25.3	365
14.9	5.25	16/09/2017	27.8	34.5	25.3	365
14.9	5.25	17/09/2017	29.1	35.5	25.3	365
14.9	5.25	18/09/2017	31.6	39.5	24.8	365
14.9	5.25	19/09/2017	32.4	39.5	26.8	365
14.9	5.25	20/09/2017	32.6	37	26.9	365
14.9	5.25	21/09/2017	29.7	36.5	24.5	365
14.9	5.25	22/09/2017	30.7	35.6	25.4	365
14.9	5.25	23/09/2017	32.7	38.5	26.3	365
14.9	5.25	24/09/2017	33.9	39.6	26	365
14.9	5.25	25/09/2017	33.9	40.2	26	365
14.9	5.25	26/09/2017	33.3	39.5	26.4	365
14.9	5.25	27/09/2017	33.7	40.5	26.4	365
14.9	5.25	28/09/2017	32.5	40.6	25	365
14.9	5.25	29/09/2017	32.2	40	26.5	365
14.9	5.25	30/09/2017	32.3	39.7	27	365
14.9	5.25	01/10/2017	31.8	39.7	25.2	365
14.9	5.25	02/10/2017	30.9	39.2	25.2	365
14.9	5.25	03/10/2017	31.6	40.7	23.4	365
14.9	5.25	04/10/2017	33.4	41.5	27.5	365
14.9	5.25	05/10/2017	32	38.2	27.5	365
14.9	5.25	06/10/2017	30.9	39.2	20.4	365
14.9	5.25	07/10/2017	32.4	39.5	26	365
14.9	5.25	08/10/2017	34.8	40.8	25.5	365
14.9	5.25	09/10/2017	33.9	40.6	25.7	365
14.9	5.25	10/10/2017	35.1	41	24.2	365
14.9	5.25	11/10/2017	35	40.9	25	365
14.9	5.25	12/10/2017	34.8	40	29	365
14.9	5.25	13/10/2017	34.6	40.2	27	365
14.9	5.25	14/10/2017	34	39	27	365
14.9	5.25	15/10/2017	33.5	39.4	25	365
14.9	5.25	16/10/2017	32.4	38.5	23.5	365
14.9	5.25	17/10/2017	32.6	37.8	24.4	365
14.9	5.25	18/10/2017	32.4	38	22.6	365
14.9	5.25	19/10/2017	32.3	38.2	22.5	365
14.9	5.25	20/10/2017	31.6	38	21	365
14.9	5.25	21/10/2017	32.1	38.5	20	365
14.9	5.25	22/10/2017	31.8	38	21	365
14.9	5.25	23/10/2017	32.7	38.8	21	365
14.9	5.25	24/10/2017	33.1	38.5	21.6	365
14.9	5.25	25/10/2017	33.2	39	21.9	365
14.9	5.25	26/10/2017	32.8	38.5	23.8	365
14.9	5.25	27/10/2017	29.8	34.5	23.6	365
14.9	5.25	28/10/2017	28.7	35.25	22.8	365
14.9	5.25	29/10/2017	30.2	36	22	365
14.9	5.25	30/10/2017	31.2	37.5	21.5	365
14.9	5.25	31/10/2017	32.1	38	22.5	365
14.9	5.25	01/11/2017	31.1	37.2	20.5	365
14.9	5.25	02/11/2017	31.2	37.8	20	365
14.9	5.25	03/11/2017	30.9	37	21.9	365
14.9	5.25	04/11/2017	30.3	36.2	20.4	365
14.9	5.25	05/11/2017	30.4	35.5	21.4	365
14.9	5.25	06/11/2017	29.6	35.3	20	365
14.9	5.25	07/11/2017	28.9	35.5	20	365
14.9	5.25	08/11/2017	29.9	36.2	19.8	365
14.9	5.25	09/11/2017	30.4	36	22	365
14.9	5.25	10/11/2017	29.2	35	20	365
14.9	5.25	11/11/2017	28.7	35.2	18.2	365
14.9	5.25	12/11/2017	28.6	35	18.4	365
14.9	5.25	13/11/2017	29.5	36	19.5	365
14.9	5.25	14/11/2017	30.1	36.4	18.4	365
14.9	5.25	15/11/2017	31.4	37.3	21.4	365
14.9	5.25	16/11/2017	31.9	38.5	21.5	365
14.9	5.25	17/11/2017	31.4	38	21.5	365
14.9	5.25	18/11/2017	32.1	38.6	21.5	365
14.9	5.25	19/11/2017	32.4	38	23	365
14.9	5.25	20/11/2017	31.6	37.5	22.4	365
14.9	5.25	21/11/2017	31.1	35.5	23.9	365
14.9	5.25	22/11/2017	30.6	36	24	365
14.9	5.25	23/11/2017	29.3	34.5	20.5	365
14.9	5.25	24/11/2017	28.7	34.5	19	365
14.9	5.25	25/11/2017	29.4	35.5	18.4	365
14.9	5.25	26/11/2017	27.1	35.5	19	365
14.9	5.25	27/11/2017	28.4	33.5	18.9	365
14.9	5.25	28/11/2017	28.2	34.2	18	365
14.9	5.25	29/11/2017	28.4	35	19	365
14.9	5.25	30/11/2017	29.2	35.5	20	365
14.9	5.25	01/12/2017	28.2	34	18.8	365
14.9	5.25	02/12/2017	26.8	33	17	365
14.9	5.25	03/12/2017	27.7	34.5	16.4	365
14.9	5.25	04/12/2017	28.3	35	18.4	365
14.9	5.25	05/12/2017	28.4	32.5	18	365
14.9	5.25	06/12/2017	26	30	19.8	365
14.9	5.25	07/12/2017	26.1	31	19	365
14.9	5.25	08/12/2017	24.5	29	17.9	365
14.9	5.25	09/12/2017	23.9	29	16.8	365
14.9	5.25	10/12/2017	23.6	29.2	15	365
14.9	5.25	11/12/2017	22.8	28.6	13.9	365
14.9	5.25	12/12/2017	23.8	28	16	365
14.9	5.25	13/12/2017	27.4	31.5	20.5	365
14.9	5.25	14/12/2017	29.1	34	22	365
14.9	5.25	15/12/2017	29	34.5	22	365
14.9	5.25	16/12/2017	27.4	34.7	16.5	365
14.9	5.25	17/12/2017	27.4	34	18	365
14.9	5.25	18/12/2017	27.6	34	17	365
14.9	5.25	19/12/2017	28.2	35	17	365
14.9	5.25	20/12/2017	28.7	35.8	18.8	365
14.9	5.25	21/12/2017	25.1	33.9	20.5	365
14.9	5.25	22/12/2017	24.5	32	17.6	365
14.9	5.25	23/12/2017	22.6	28	18	365
14.9	5.25	24/12/2017	20.7	27	16	365
14.9	5.25	25/12/2017	21.6	29	15.4	365
14.9	5.25	26/12/2017	23.4	30	17	365
14.9	5.25	27/12/2017	24.2	31	17.2	365
14.9	5.25	28/12/2017	24	31	17.4	365
14.9	5.25	29/12/2017	22.8	30.5	16	365
14.9	5.25	30/12/2017	23.1	29.8	14.5	365
14.9	5.25	31/12/2017	22.2	28.6	14.75	365
