LATITUDE	LONGITUDE	Date	Tavg	Tmax	Tmin	Rainfall
14.22	1.45	01/01/2017	24.05	30.5	18	389
14.22	1.45	02/01/2017	23	29.5	17.2	389
14.22	1.45	03/01/2017	24.2	31.2	17.2	389
14.22	1.45	04/01/2017	24.4	31.2	18.2	389
14.22	1.45	05/01/2017	24.8	31.6	18.5	389
14.22	1.45	06/01/2017	25	31.7	18.8	389
14.22	1.45	07/01/2017	26.2	33.6	18.4	389
14.22	1.45	08/01/2017	26.1	33.5	19.2	389
14.22	1.45	09/01/2017	25.4	32.5	19.5	389
14.22	1.45	10/01/2017	24.6	32.5	17	389
14.22	1.45	11/01/2017	22.9	31.5	13.3	389
14.22	1.45	12/01/2017	23.2	32.2	13	389
14.22	1.45	13/01/2017	21.7	28	15.2	389
14.22	1.45	14/01/2017	22.2	29.5	15	389
14.22	1.45	15/01/2017	23.6	31.2	15.8	389
14.22	1.45	16/01/2017	24.3	32.8	14.5	389
14.22	1.45	17/01/2017	26.8	34.2	19.6	389
14.22	1.45	18/01/2017	28.7	35.2	22	389
14.22	1.45	19/01/2017	28.3	35.6	21.5	389
14.22	1.45	20/01/2017	28.5	36.2	20.7	389
14.22	1.45	21/01/2017	28.5	35.85	20.4	389
14.22	1.45	22/01/2017	26.4	35.5	18.6	389
14.22	1.45	23/01/2017	24.8	32.8	17.5	389
14.22	1.45	24/01/2017	24.4	32.3	17.2	389
14.22	1.45	25/01/2017	25.4	32.5	18.7	389
14.22	1.45	26/01/2017	27.6	34.3	19.5	389
14.22	1.45	27/01/2017	27.2	35	20.4	389
14.22	1.45	28/01/2017	26.7	34.3	20.5	389
14.22	1.45	29/01/2017	26.6	34.4	19.6	389
14.22	1.45	30/01/2017	27.1	35	19.3	389
14.22	1.45	31/01/2017	28	35.5	20	389
14.22	1.45	01/02/2017	27.2	34	20.4	389
14.22	1.45	02/02/2017	27.8	37	19.9	389
14.22	1.45	03/02/2017	27.5	34.8	20.5	389
14.22	1.45	04/02/2017	28.6	34.8	23.1	389
14.22	1.45	05/02/2017	28.6	35	22.7	389
14.22	1.45	06/02/2017	28.3	34.3	22.5	389
14.22	1.45	07/02/2017	27.4	34.8	21	389
14.22	1.45	08/02/2017	27.8	35.1	20.8	389
14.22	1.45	09/02/2017	28.3	34.6	22.2	389
14.22	1.45	10/02/2017	28	35	21.2	389
14.22	1.45	11/02/2017	28.4	35.5	21	389
14.22	1.45	12/02/2017	29.3	36	22.7	389
14.22	1.45	13/02/2017	29.7	37.5	24.4	389
14.22	1.45	14/02/2017	28.7	35	24.6	389
14.22	1.45	15/02/2017	28.1	34.5	21	389
14.22	1.45	16/02/2017	28.7	35.2	22.2	389
14.22	1.45	17/02/2017	27	34.35	18.1	389
14.22	1.45	18/02/2017	26.7	33.5	19	389
14.22	1.45	19/02/2017	25.8	32.8	18.3	389
14.22	1.45	20/02/2017	27	34.5	18.7	389
14.22	1.45	21/02/2017	28.6	35.7	20.6	389
14.22	1.45	22/02/2017	29.1	35.8	21	389
14.22	1.45	23/02/2017	30.4	37	23.6	389
14.22	1.45	24/02/2017	29.3	37.5	24.05	389
14.22	1.45	25/02/2017	31.2	38	24.5	389
14.22	1.45	26/02/2017	30.7	38.5	23	389
14.22	1.45	27/02/2017	30.6	39.5	20.5	389
14.22	1.45	28/02/2017	31.3	40.5	21.6	389
14.22	1.45	01/03/2017	32.1	40.8	21	389
14.22	1.45	02/03/2017	34.3	41.8	27.1	389
14.22	1.45	03/03/2017	33	41.6	24.4	389
14.22	1.45	04/03/2017	31.4	41.4	20.9	389
14.22	1.45	05/03/2017	29.9	41	20.3	389
14.22	1.45	06/03/2017	31.4	39.8	22.1	389
14.22	1.45	07/03/2017	31.9	38	26.5	389
14.22	1.45	08/03/2017	31	40.2	19	389
14.22	1.45	09/03/2017	32.8	39.8	25.4	389
14.22	1.45	10/03/2017	31.9	39.3	24.5	389
14.22	1.45	11/03/2017	31.4	39	24.8	389
14.22	1.45	12/03/2017	31.1	39.3	24.4	389
14.22	1.45	13/03/2017	30.7	39.4	21	389
14.22	1.45	14/03/2017	31.2	41	21.4	389
14.22	1.45	15/03/2017	32.4	41.4	22.2	389
14.22	1.45	16/03/2017	31.9	42	20.5	389
14.22	1.45	17/03/2017	32.4	42.5	21	389
14.22	1.45	18/03/2017	33	42.3	21.3	389
14.22	1.45	19/03/2017	33.2	40.8	23.6	389
14.22	1.45	20/03/2017	34.6	40.4	27.5	389
14.22	1.45	21/03/2017	34.3	43	25.5	389
14.22	1.45	22/03/2017	33.8	41.7	26.5	389
14.22	1.45	23/03/2017	33.9	41.8	24.2	389
14.22	1.45	24/03/2017	34.9	42.8	25.4	389
14.22	1.45	25/03/2017	35.3	43	27.6	389
14.22	1.45	26/03/2017	35.7	43.5	28.7	389
14.22	1.45	27/03/2017	35.9	43	26.5	389
14.22	1.45	28/03/2017	34.5	42.3	25.4	389
14.22	1.45	29/03/2017	33.8	42.1	23.4	389
14.22	1.45	30/03/2017	33.8	43	22.4	389
14.22	1.45	31/03/2017	34.8	44	24	389
14.22	1.45	01/04/2017	34.6	42	24.7	389
14.22	1.45	02/04/2017	34.9	41.8	28	389
14.22	1.45	03/04/2017	35.3	40.1	30.8	389
14.22	1.45	04/04/2017	35.4	42	27.8	389
14.22	1.45	05/04/2017	35.4	42.8	28.1	389
14.22	1.45	06/04/2017	34.5	42.4	26.5	389
14.22	1.45	07/04/2017	32.4	36	29.2	389
14.22	1.45	08/04/2017	32.9	39.2	27.2	389
14.22	1.45	09/04/2017	35.4	43.2	28	389
14.22	1.45	10/04/2017	36.7	43.3	30.6	389
14.22	1.45	11/04/2017	35.8	42.5	30	389
14.22	1.45	12/04/2017	32.7	40.8	22.4	389
14.22	1.45	13/04/2017	32.7	41.5	21.8	389
14.22	1.45	14/04/2017	34	42.3	24.5	389
14.22	1.45	15/04/2017	35.1	40	30.6	389
14.22	1.45	16/04/2017	34.8	41	29.1	389
14.22	1.45	17/04/2017	34.7	42	27.7	389
14.22	1.45	18/04/2017	34.6	42.8	24.6	389
14.22	1.45	19/04/2017	35.7	42.9	25.5	389
14.22	1.45	20/04/2017	35.4	43.3	24.9	389
14.22	1.45	21/04/2017	36.1	43	29	389
14.22	1.45	22/04/2017	35.2	42.5	27	389
14.22	1.45	23/04/2017	36.4	43.5	27	389
14.22	1.45	24/04/2017	36.7	43.7	28.8	389
14.22	1.45	25/04/2017	37.7	45.3	29	389
14.22	1.45	26/04/2017	37.4	43.7	31.3	389
14.22	1.45	27/04/2017	36.9	42	32	389
14.22	1.45	28/04/2017	37.6	44.5	31	389
14.22	1.45	29/04/2017	37.6	44.2	31.3	389
14.22	1.45	30/04/2017	37.1	44	30.4	389
14.22	1.45	01/05/2017	36.9	44.2	29.7	389
14.22	1.45	02/05/2017	37.5	44.2	31.4	389
14.22	1.45	03/05/2017	33.3	36.7	30.5	389
14.22	1.45	04/05/2017	34.2	40	26.8	389
14.22	1.45	05/05/2017	36.7	44.5	29.5	389
14.22	1.45	06/05/2017	37.8	46	31	389
14.22	1.45	07/05/2017	36.4	45.25	31	389
14.22	1.45	08/05/2017	37	44.5	30	389
14.22	1.45	09/05/2017	37.5	45.2	30	389
14.22	1.45	10/05/2017	37.8	43.4	30.5	389
14.22	1.45	11/05/2017	30.6	37	21.3	389
14.22	1.45	12/05/2017	33.3	40.5	25.6	389
14.22	1.45	13/05/2017	37.4	44.5	30.7	389
14.22	1.45	14/05/2017	38.2	46	31	389
14.22	1.45	15/05/2017	35.7	40.6	31.8	389
14.22	1.45	16/05/2017	35.1	41.5	30.2	389
14.22	1.45	17/05/2017	32.4	38	27.2	389
14.22	1.45	18/05/2017	33.7	38.8	29.1	389
14.22	1.45	19/05/2017	32.9	39	27.4	389
14.22	1.45	20/05/2017	32.8	39.6	22.9	389
14.22	1.45	21/05/2017	36.3	44	29	389
14.22	1.45	22/05/2017	37.1	43.5	31	389
14.22	1.45	23/05/2017	36.7	43	32	389
14.22	1.45	24/05/2017	34.5	40	29.1	389
14.22	1.45	25/05/2017	35.3	41.5	28.5	389
14.22	1.45	26/05/2017	33.6	38.5	29.4	389
14.22	1.45	27/05/2017	33.8	38.8	19	389
14.22	1.45	28/05/2017	36.6	44.2	29	389
14.22	1.45	29/05/2017	38.2	44.6	31.5	389
14.22	1.45	30/05/2017	36	40	32.6	389
14.22	1.45	31/05/2017	28.4	34.8	22	389
14.22	1.45	01/06/2017	32.7	38	26.8	389
14.22	1.45	02/06/2017	35.7	41.8	29	389
14.22	1.45	03/06/2017	34.5	38.8	31	389
14.22	1.45	04/06/2017	34.1	38	30.5	389
14.22	1.45	05/06/2017	35.1	41.5	29	389
14.22	1.45	06/06/2017	33.2	38.7	28.8	389
14.22	1.45	07/06/2017	32.1	37.5	28.6	389
14.22	1.45	08/06/2017	32	39.8	27.3	389
14.22	1.45	09/06/2017	36.2	42.3	29	389
14.22	1.45	10/06/2017	35.7	43.7	28	389
14.22	1.45	11/06/2017	32.8	38.5	27	389
14.22	1.45	12/06/2017	34.7	39.5	29.8	389
14.22	1.45	13/06/2017	32.3	39.3	26.1	389
14.22	1.45	14/06/2017	27.6	32.1	22.4	389
14.22	1.45	15/06/2017	31.3	37	26	389
14.22	1.45	16/06/2017	33.6	39	27.7	389
14.22	1.45	17/06/2017	27.2	29.5	25.95	389
14.22	1.45	18/06/2017	30.2	36	24.2	389
14.22	1.45	19/06/2017	32.8	38.5	27.7	389
14.22	1.45	20/06/2017	29.6	33.2	26.5	389
14.22	1.45	21/06/2017	30.7	36.3	26.5	389
14.22	1.45	22/06/2017	33.2	39.2	28	389
14.22	1.45	23/06/2017	37	43.8	30.4	389
14.22	1.45	24/06/2017	31.1	36.7	21.3	389
14.22	1.45	25/06/2017	29.3	33.8	23.6	389
14.22	1.45	26/06/2017	29.8	36.55	26.9	389
14.22	1.45	27/06/2017	33.6	39.3	28.1	389
14.22	1.45	28/06/2017	30.1	33.8	26.45	389
14.22	1.45	29/06/2017	31.8	38.3	24.8	389
14.22	1.45	30/06/2017	34.1	39	27.1	389
14.22	1.45	01/07/2017	31.7	37.2	26.8	389
14.22	1.45	02/07/2017	32.9	39	26.5	389
14.22	1.45	03/07/2017	33.9	39.5	28.6	389
14.22	1.45	04/07/2017	27.4	30.5	22.7	389
14.22	1.45	05/07/2017	31.5	36.8	26	389
14.22	1.45	06/07/2017	29.6	35	24	389
14.22	1.45	07/07/2017	31.7	37.3	26.2	389
14.22	1.45	08/07/2017	32.6	37.8	27.9	389
14.22	1.45	09/07/2017	30.3	33.5	25.2	389
14.22	1.45	10/07/2017	27.7	32	22.5	389
14.22	1.45	11/07/2017	29.4	34	25.7	389
14.22	1.45	12/07/2017	30	35.2	25.2	389
14.22	1.45	13/07/2017	27.4	30.2	25.25	389
14.22	1.45	14/07/2017	29.7	34.7	25.3	389
14.22	1.45	15/07/2017	29.3	35.3	25.35	389
14.22	1.45	16/07/2017	30.8	36.2	25.4	389
14.22	1.45	17/07/2017	31.8	36.5	27.4	389
14.22	1.45	18/07/2017	31.2	35.2	27.5	389
14.22	1.45	19/07/2017	29.9	36.5	23.6	389
14.22	1.45	20/07/2017	32.2	37	27	389
14.22	1.45	21/07/2017	33.3	38.8	28	389
14.22	1.45	22/07/2017	27.1	36.9	23.2	389
14.22	1.45	23/07/2017	29.6	35	25.4	389
14.22	1.45	24/07/2017	32.4	38	26.9	389
14.22	1.45	25/07/2017	28.7	35.3	25.2	389
14.22	1.45	26/07/2017	28.4	32.9	23.5	389
14.22	1.45	27/07/2017	30.9	36	25.8	389
14.22	1.45	28/07/2017	32.4	37	28	389
14.22	1.45	29/07/2017	32.8	37.7	28.6	389
14.22	1.45	30/07/2017	27.4	30.9	20.5	389
14.22	1.45	31/07/2017	30.3	35.8	24.8	389
14.22	1.45	01/08/2017	32.2	37.4	26.5	389
14.22	1.45	02/08/2017	26.7	35.9	25.15	389
14.22	1.45	03/08/2017	29.3	34.4	23.8	389
14.22	1.45	04/08/2017	28.4	30.8	26.3	389
14.22	1.45	05/08/2017	29.3	34	24.7	389
14.22	1.45	06/08/2017	29.9	34.5	25	389
14.22	1.45	07/08/2017	28.4	35.4	23.65	389
14.22	1.45	08/08/2017	28.1	33	22.3	389
14.22	1.45	09/08/2017	29.9	34.3	25.5	389
14.22	1.45	10/08/2017	30.9	35.5	26.3	389
14.22	1.45	11/08/2017	31.7	37	26.6	389
14.22	1.45	12/08/2017	31.3	36.6	24.15	389
14.22	1.45	13/08/2017	30	36.2	21.7	389
14.22	1.45	14/08/2017	29.6	35.4	24.3	389
14.22	1.45	15/08/2017	29.9	35.95	26	389
14.22	1.45	16/08/2017	32.3	36.5	27.5	389
14.22	1.45	17/08/2017	32.3	38	25.95	389
14.22	1.45	18/08/2017	29	33.8	24.4	389
14.22	1.45	19/08/2017	30.4	34.4	26.3	389
14.22	1.45	20/08/2017	31	36.5	27.2	389
14.22	1.45	21/08/2017	27.2	32	22	389
14.22	1.45	22/08/2017	27.1	31.5	21.3	389
14.22	1.45	23/08/2017	24.9	32	22.85	389
14.22	1.45	24/08/2017	28.8	33.7	24.4	389
14.22	1.45	25/08/2017	31.1	36	26.1	389
14.22	1.45	26/08/2017	26.4	29	25.25	389
14.22	1.45	27/08/2017	28.2	33	24.4	389
14.22	1.45	28/08/2017	30.3	36	24.4	389
14.22	1.45	29/08/2017	30.9	36.2	27	389
14.22	1.45	30/08/2017	31.3	38.4	24.65	389
14.22	1.45	31/08/2017	27.6	31.5	22.3	389
14.22	1.45	01/09/2017	26.2	30	22.5	389
14.22	1.45	02/09/2017	28.9	33.5	24	389
14.22	1.45	03/09/2017	28.1	32.5	23.25	389
14.22	1.45	04/09/2017	28.9	35.5	22.5	389
14.22	1.45	05/09/2017	30.9	35.6	25.4	389
14.22	1.45	06/09/2017	31.8	37.5	27	389
14.22	1.45	07/09/2017	31.4	35.4	27	389
14.22	1.45	08/09/2017	29.6	33.4	26.5	389
14.22	1.45	09/09/2017	29.9	35.3	26.1	389
14.22	1.45	10/09/2017	32	37.8	25.9	389
14.22	1.45	11/09/2017	30.7	36.5	25.05	389
14.22	1.45	12/09/2017	30.8	37.5	24.2	389
14.22	1.45	13/09/2017	31.5	36.8	26.5	389
14.22	1.45	14/09/2017	31.5	37	26.5	389
14.22	1.45	15/09/2017	33.2	39	27.4	389
14.22	1.45	16/09/2017	27.1	31.5	25.9	389
14.22	1.45	17/09/2017	28.8	34	24.4	389
14.22	1.45	18/09/2017	30.6	35.5	26	389
14.22	1.45	19/09/2017	32.2	38	26.3	389
14.22	1.45	20/09/2017	32.5	36.8	28.3	389
14.22	1.45	21/09/2017	30.9	38	24.8	389
14.22	1.45	22/09/2017	29.9	34.9	25.7	389
14.22	1.45	23/09/2017	31.3	37	25.6	389
14.22	1.45	24/09/2017	32.3	39	27	389
14.22	1.45	25/09/2017	33	39.5	26.5	389
14.22	1.45	26/09/2017	33.2	40.8	27.2	389
14.22	1.45	27/09/2017	33.1	40.1	27.7	389
14.22	1.45	28/09/2017	33.4	40	27	389
14.22	1.45	29/09/2017	32.9	38.7	27.5	389
14.22	1.45	30/09/2017	33.2	39	26.9	389
14.22	1.45	01/10/2017	33.2	40	27.5	389
14.22	1.45	02/10/2017	33	38.7	27	389
14.22	1.45	03/10/2017	32.6	41	25	389
14.22	1.45	04/10/2017	33.5	42.2	24	389
14.22	1.45	05/10/2017	32.4	39.2	27	389
14.22	1.45	06/10/2017	32.4	37.7	27.1	389
14.22	1.45	07/10/2017	33.3	40.1	26.5	389
14.22	1.45	08/10/2017	31.4	40.2	27.5	389
14.22	1.45	09/10/2017	31.7	36.5	26.5	389
14.22	1.45	10/10/2017	34.4	41.5	28.4	389
14.22	1.45	11/10/2017	33.7	41.1	26.4	389
14.22	1.45	12/10/2017	33.8	41.3	27.9	389
14.22	1.45	13/10/2017	33.6	40.6	27.5	389
14.22	1.45	14/10/2017	32.2	40.4	24.5	389
14.22	1.45	15/10/2017	32.1	39	24.4	389
14.22	1.45	16/10/2017	32.4	39.6	23.1	389
14.22	1.45	17/10/2017	32.1	39.5	24	389
14.22	1.45	18/10/2017	32.1	39.5	23.5	389
14.22	1.45	19/10/2017	31.1	37.9	25.3	389
14.22	1.45	20/10/2017	31.2	39.6	21.5	389
14.22	1.45	21/10/2017	30.6	40	20.5	389
14.22	1.45	22/10/2017	29.4	39	20.5	389
14.22	1.45	23/10/2017	29.7	39.5	19	389
14.22	1.45	24/10/2017	31.2	41	20.1	389
14.22	1.45	25/10/2017	30.9	40	20.9	389
14.22	1.45	26/10/2017	31.7	40.1	20.5	389
14.22	1.45	27/10/2017	30.3	35.5	26	389
14.22	1.45	28/10/2017	27.8	34	21.9	389
14.22	1.45	29/10/2017	29.4	36.8	21.5	389
14.22	1.45	30/10/2017	30.3	38	21.2	389
14.22	1.45	31/10/2017	31.4	39	23.5	389
14.22	1.45	01/11/2017	31.2	39	25.5	389
14.22	1.45	02/11/2017	30.6	38.4	23.8	389
14.22	1.45	03/11/2017	30.9	38.7	23.3	389
14.22	1.45	04/11/2017	30.7	38.7	23.3	389
14.22	1.45	05/11/2017	29.6	37.5	21	389
14.22	1.45	06/11/2017	29.1	37.6	19.9	389
14.22	1.45	07/11/2017	28.8	38.3	19	389
14.22	1.45	08/11/2017	29.5	37	22.2	389
14.22	1.45	09/11/2017	29.8	37.3	20.8	389
14.22	1.45	10/11/2017	29.2	37	19.6	389
14.22	1.45	11/11/2017	28	36.9	18.2	389
14.22	1.45	12/11/2017	27.1	35.6	17.8	389
14.22	1.45	13/11/2017	27.8	36.4	18.4	389
14.22	1.45	14/11/2017	27.1	36.5	17	389
14.22	1.45	15/11/2017	28.6	38.2	19	389
14.22	1.45	16/11/2017	28.6	37.5	20	389
14.22	1.45	17/11/2017	29.6	38.6	20.2	389
14.22	1.45	18/11/2017	29.9	39.4	19.8	389
14.22	1.45	19/11/2017	30.1	40	20.6	389
14.22	1.45	20/11/2017	30	39	20.5	389
14.22	1.45	21/11/2017	29	38	23	389
14.22	1.45	22/11/2017	28.3	34	21.5	389
14.22	1.45	23/11/2017	29.7	37	22.1	389
14.22	1.45	24/11/2017	28.2	36	19.5	389
14.22	1.45	25/11/2017	28.2	36.7	18.3	389
14.22	1.45	26/11/2017	28.8	37.5	18.8	389
14.22	1.45	27/11/2017	28.4	36.5	19	389
14.22	1.45	28/11/2017	27.8	35.5	20.4	389
14.22	1.45	29/11/2017	27.6	36.5	18	389
14.22	1.45	30/11/2017	28.8	37	20	389
14.22	1.45	01/12/2017	29.4	36.8	22.2	389
14.22	1.45	02/12/2017	28.2	36.7	19.2	389
14.22	1.45	03/12/2017	26.9	35.3	18	389
14.22	1.45	04/12/2017	26.9	36.7	16.5	389
14.22	1.45	05/12/2017	27.8	36.1	20.6	389
14.22	1.45	06/12/2017	28.1	35.5	21.8	389
14.22	1.45	07/12/2017	27.1	33.8	21.4	389
14.22	1.45	08/12/2017	26.6	31.9	22.3	389
14.22	1.45	09/12/2017	25.4	30.8	20.5	389
14.22	1.45	10/12/2017	24.4	31.4	18.9	389
14.22	1.45	11/12/2017	22.7	31.65	17.6	389
14.22	1.45	12/12/2017	25.2	31.9	17.5	389
14.22	1.45	13/12/2017	26.9	31.7	21	389
14.22	1.45	14/12/2017	29.7	36.5	22.2	389
14.22	1.45	15/12/2017	29.2	36.6	22.5	389
14.22	1.45	16/12/2017	28.2	37.4	19.8	389
14.22	1.45	17/12/2017	27.8	36.8	18.5	389
14.22	1.45	18/12/2017	26.1	36	17	389
14.22	1.45	19/12/2017	26.6	36.2	17	389
14.22	1.45	20/12/2017	25.9	34	17.8	389
14.22	1.45	21/12/2017	24.6	31.3	18.1	389
14.22	1.45	22/12/2017	23.9	30.5	18.7	389
14.22	1.45	23/12/2017	23.6	29.7	18.8	389
14.22	1.45	24/12/2017	23.3	29.1	18.7	389
14.22	1.45	25/12/2017	23.9	29.6	18.5	389
14.22	1.45	26/12/2017	25.3	32.1	18.5	389
14.22	1.45	27/12/2017	26	33.3	19.8	389
14.22	1.45	28/12/2017	25.7	32.7	19.8	389
14.22	1.45	29/12/2017	25.5	32.7	18.5	389
14.22	1.45	30/12/2017	24.4	31.1	18.2	389
14.22	1.45	31/12/2017	24.6	30.9	16.9	389
