SiteId	Date	PREC 	TMAX 	TMIN 	TAVG  	SNWD 
511	/1/1/2016	8.5	5.9	-8.9	-2.6	14
511	/1/2/2016	8.5	-0.2	-7.7	-2.4	14
511	/1/3/2016	8.5	10.1	-10.2	-1.6	14
511	/1/4/2016	8.5	7.4	-8.4	-1.3	14
511	/1/5/2016	8.9	-0.5	-3	-1.6	15
511	/1/6/2016	8.9	5.5	-3.6	-0.6	15
511	/1/7/2016	9.6	1.3	-4.9	-2.4	22
511	/1/8/2016	10.5	-0.7	-7.4	-3.6	32
511	/1/9/2016	10.5	-1.1	-8.5	-6.2	29
511	/1/10/2016	10.5	0.6	-15.4	-7	28
511	/1/11/2016	10.5	1.7	-15.7	-7	25
511	/1/12/2016	10.5	2.1	-11	-4.6	25
511	/1/13/2016	10.5	7	-10.6	-3	24
511	/1/14/2016	10.5	10.5	-10.6	-1.1	23
511	/1/15/2016	10.6	7.6	-4.5	0.3	23
511	/1/16/2016	10.7	1.8	-7.7	-3.2	24
511	/1/17/2016	10.7	6.1	-9.7	-0.3	23
511	/1/18/2016	10.7	7	-2.1	1.8	22
511	/1/19/2016	10.7	10	-7.9	1.4	22
511	/1/20/2016	10.7	9.7	-6.3	1.9	21
511	/1/21/2016	10.7	8.4	-5.1	1.5	21
511	/1/22/2016	10.7	6.2	-6.3	-0.8	20
511	/1/23/2016	10.7	12.7	-6.5	1.5	20
511	/1/24/2016	10.7	11.9	-3.4	4	20
511	/1/25/2016	10.7	4.8	-9.1	-0.8	20
511	/1/26/2016	10.7	4.4	-9.6	-3.2	20
511	/1/27/2016	10.7	1.9	-8.6	-3.8	20
511	/1/28/2016	10.7	9.4	-10.4	0.6	20
511	/1/29/2016	10.7	12.7	-4.9	3.1	20
511	/1/30/2016	10.7	12.6	-5	4.1	18
511	/1/31/2016	10.8	8.9	-1.2	3.1	18
511	/2/1/2016	10.9	7.7	-0.5	2.5	19
511	/2/2/2016	11.7	0.6	-8.9	-7.1	28
511	/2/3/2016	11.9	-1	-13.8	-9	27
511	/2/4/2016	11.9	-2	-19.5	-10.1	26
511	/2/5/2016	11.9	4	-18.2	-5.5	25
511	/2/6/2016	11.9	0.8	-13.2	-5.7	25
511	/2/7/2016	11.9	11.2	-12.9	-0.2	24
511	/2/8/2016	11.9	10.6	-6.3	2.7	23
511	/2/9/2016	11.9	14	-4.4	4.5	21
511	/2/10/2016	11.9	12.6	-4.3	3.6	21
511	/2/11/2016	11.9	13.6	-5.7	3.7	20
511	/2/12/2016	11.9	14.2	-3.9	4.8	20
511	/2/13/2016	11.9	15	-3.4	4.5	18
511	/2/14/2016	11.9	13.6	-4	4.6	17
511	/2/15/2016	11.9	12.6	-3.2	5.2	17
511	/2/16/2016	11.9	12.9	-0.2	5.1	16
511	/2/17/2016	11.9	16.6	-1.1	6.9	15
511	/2/18/2016	12	14.6	-2.2	7.2	14
511	/2/19/2016	12	13.4	4.3	7.7	12
511	/2/20/2016	12	14.1	-0.4	6.7	12
511	/2/21/2016	12	14	-0.7	6.1	10
511	/2/22/2016	12	14.6	-2.9	5.6	9
511	/2/23/2016	12	9.5	-2.7	3.2	9
511	/2/24/2016	12	3.7	-5.5	-1.5	9
511	/2/25/2016	12	8.7	-9.9	-0.3	8
511	/2/26/2016	12	12.2	-2.8	4.7	8
511	/2/27/2016	12	12.9	-4.4	4.4	6
511	/2/28/2016	12	13.4	-3.4	5.1	5
511	/2/29/2016	12	14	0	6.5	4
511	/3/1/2016	12	12.8	-2.3	5.8	3
511	/3/2/2016	12	14	-2.6	6.1	2
511	/3/3/2016	12	14	0.3	7.3	1
511	/3/4/2016	12	13.9	-1.4	6.9	1
511	/3/5/2016	12	14.9	0.6	7.1	0
511	/3/6/2016	12	12.9	1.1	7.1	0
511	/3/7/2016	12.1	10.5	1.1	5.8	0
511	/3/8/2016	12.2	7	-7.5	0.1	0
511	/3/9/2016	12.4	6.3	-7	-1.1	0
511	/3/10/2016	12.4	9.8	-6.1	3	0
511	/3/11/2016	12.4	13.6	0.2	6.3	0
511	/3/12/2016	12.4	13.9	-2.5	6.1	0
511	/3/13/2016	12.4	5.7	-2.2	1.5	0
511	/3/14/2016	12.4	10.9	-1.3	4.8	0
511	/3/15/2016	12.4	11.9	0.5	5.1	0
511	/3/16/2016	12.4	12.7	-0.4	4.7	0
511	/3/17/2016	12.4	14.3	-1.9	5.9	0
511	/3/18/2016	12.4	14.1	-2.8	5.8	0
511	/3/19/2016	12.4	13.7	0.5	6.8	0
511	/3/20/2016	12.4	13.8	-0.2	6.8	0
511	/3/21/2016	12.4	13.4	-2.3	6	0
511	/3/22/2016	12.4	15.1	-2.5	7.3	0
511	/3/23/2016	12.4	12.6	-0.4	6.3	0
511	/3/24/2016	12.4	5.9	-3.7	0.5	0
511	/3/25/2016	12.4	10.9	-3	3.1	0
511	/3/26/2016	12.4	10.9	-2.1	4.5	0
511	/3/27/2016	12.4	11	-3.7	4.6	0
511	/3/28/2016	12.4	12.8	-5.3	5.2	0
511	/3/29/2016	12.4	10.8	-1.7	5.4	0
511	/3/30/2016	12.4	7	-1.7	2.3	0
511	/3/31/2016	12.4	3.5	-8.5	-1.9	0
511	/4/1/2016	12.4	5.6	-11.6	-2.7	0
511	/4/2/2016	12.4	6.2	-5.8	-0.5	0
511	/4/3/2016	12.4	10.4	-6.9	1.8	0
511	/4/4/2016	12.4	14.4	-5.5	4.9	0
511	/4/5/2016	12.4	16.4	-2.8	7.2	0
511	/4/6/2016	12.4	15.8	-0.4	8.8	0
511	/4/7/2016	12.4	18.2	2.5	9.6	0
511	/4/8/2016	12.4	15.7	1.9	9	0
511	/4/9/2016	13.2	9	1.1	4.2	0
511	/4/10/2016	13.2	12.8	-0.2	5.5	0
511	/4/11/2016	13.3	8.9	-1.4	3	0
511	/4/12/2016	13.3	9.7	-2.9	3.3	0
511	/4/13/2016	13.6	9.2	-0.3	2.8	0
511	/4/14/2016	13.6	13.5	-1	6.3	0
511	/4/15/2016	13.6	14.7	1.8	8.5	0
511	/4/16/2016	13.6	10.5	-2.3	5	0
511	/4/17/2016	13.6	5.4	-4.3	0.3	0
511	/4/18/2016	13.6	8.5	-3.1	2.1	0
511	/4/19/2016	13.6	11.1	-5.1	3.6	0
511	/4/20/2016	13.6	14.7	-3.4	6.4	0
511	/4/21/2016	13.6	16.2	-0.7	8.4	0
511	/4/22/2016	13.6	17.4	0.1	9.3	0
511	/4/23/2016	13.6	17.8	2	10.6	0
511	/4/24/2016	13.6	15.4	3.8	9.2	0
511	/4/25/2016	13.6	14.7	1.6	7.7	0
511	/4/26/2016	13.6	11.9	-1.3	5.4	0
511	/4/27/2016	13.6	7.3	-3.4	1.8	0
511	/4/28/2016	13.6	12.1	-2.9	5.3	0
511	/4/29/2016	13.6	11.2	-2.3	4.8	0
511	/4/30/2016	13.7	6.4	-3.5	1.8	0
511	/5/1/2016	13.8	9.6	-0.5	3.7	0
511	/5/2/2016	13.9	6.6	-2.7	1.4	0
511	/5/3/2016	13.9	12	-2.7	3.8	0
511	/5/4/2016	13.9	14.5	-2.3	6.6	0
511	/5/5/2016	13.9	16.8	-0.1	9.5	0
511	/5/6/2016	13.9	18.3	3.4	12.5	0
511	/5/7/2016	13.9	14	-99.9	-99.9	0
511	/5/8/2016	13.9	11.1	-1.6	4.1	0
511	/5/9/2016	13.9	9.5	-3.6	3.4	0
511	/5/10/2016	14	13.8	0.8	6.6	0
511	/5/11/2016	14	15.8	1.2	9	0
511	/5/12/2016	14	17.8	2.6	10.4	0
511	/5/13/2016	14	19.3	1.5	11.1	0
511	/5/14/2016	14	21	3.2	12.9	0
511	/5/15/2016	14	18.8	8.4	13.6	0
511	/5/16/2016	14	17.4	6.5	11.4	0
511	/5/17/2016	14	15	1.7	8.8	0
511	/5/18/2016	14.1	13.5	-0.1	6.2	0
511	/5/19/2016	14.5	9.4	-0.2	3.8	0
511	/5/20/2016	14.5	13.4	-1.2	6.7	0
511	/5/21/2016	14.5	16.6	1.1	10.6	0
511	/5/22/2016	14.5	16	2.8	10	0
511	/5/23/2016	14.5	15.6	2.3	9.1	0
511	/5/24/2016	14.5	16.8	3.6	9.9	0
511	/5/25/2016	14.5	15.4	3	9.1	0
511	/5/26/2016	14.5	15.6	1.7	9.2	0
511	/5/27/2016	14.5	11.7	-0.1	6	0
511	/5/28/2016	14.5	15.3	1.5	8.1	0
511	/5/29/2016	14.5	17.4	-0.7	10	0
511	/5/30/2016	14.5	18.4	0.1	11.2	0
511	/5/31/2016	14.5	18.2	2.4	10.5	0
511	/6/1/2016	14.5	18.2	2.8	10.2	0
511	/6/2/2016	14.5	15.8	5	11	0
511	/6/3/2016	14.5	21.4	4.7	14.6	0
511	/6/4/2016	14.5	24	5.1	16.3	0
511	/6/5/2016	14.5	24.9	7.2	17.1	0
511	/6/6/2016	14.5	22.4	8.5	16.4	0
511	/6/7/2016	14.5	25.3	7	17	0
511	/6/8/2016	14.5	23.4	6.5	15.6	0
511	/6/9/2016	14.5	24.1	6.8	16.3	0
511	/6/10/2016	14.5	23.1	10.9	16.1	0
511	/6/11/2016	14.5	23	8.8	14.2	0
511	/6/12/2016	14.5	19.7	7.2	14.4	0
511	/6/13/2016	14.5	21.4	5.9	14.5	0
511	/6/14/2016	14.5	19.2	2.4	12.3	0
511	/6/15/2016	14.5	20.4	0.5	12	0
511	/6/16/2016	14.5	21.4	6	14.6	0
511	/6/17/2016	14.5	21.3	4	13.8	0
511	/6/18/2016	14.5	24.2	4.5	15.7	0
511	/6/19/2016	14.5	26.7	4.1	18.4	0
511	/6/20/2016	14.5	29.5	12.5	21.2	0
511	/6/21/2016	14.5	26.7	11.2	18.7	0
511	/6/22/2016	14.5	24.6	9	18.1	0
511	/6/23/2016	14.5	26.3	10.6	18.7	0
511	/6/24/2016	14.5	22.8	11.9	16.5	0
511	/6/25/2016	14.5	23.3	11.3	16.1	0
511	/6/26/2016	14.5	18.8	10.7	15.3	0
511	/6/27/2016	14.8	22.6	9.3	13.7	0
511	/6/28/2016	14.8	22.4	7.3	14.9	0
511	/6/29/2016	14.8	22.8	7.2	15.5	0
511	/6/30/2016	14.8	22.3	11.4	15.5	0
511	/7/1/2016	15.2	20.2	9.6	13.5	0
511	/7/2/2016	15.5	13.8	7.9	10.9	0
511	/7/3/2016	15.5	19.5	8.2	12.9	0
511	/7/4/2016	15.5	23.1	9	15.9	0
511	/7/5/2016	15.5	23.3	8.3	16.6	0
511	/7/6/2016	15.5	23.3	7.7	16.2	0
511	/7/7/2016	15.5	23.2	9	16.6	0
511	/7/8/2016	15.5	22.4	10	16.1	0
511	/7/9/2016	15.6	23.5	10.7	16.7	0
511	/7/10/2016	15.6	25.5	8.7	17.8	0
511	/7/11/2016	15.6	23.8	11.2	17.5	0
511	/7/12/2016	15.6	24	9.6	17	0
511	/7/13/2016	15.6	24.1	7.9	16.2	0
511	/7/14/2016	15.7	24.7	10.9	17.6	0
511	/7/15/2016	15.7	26.8	11	18.2	0
511	/7/16/2016	15.7	27.1	10.9	19	0
511	/7/17/2016	15.7	23.8	11.1	17.1	0
511	/7/18/2016	15.7	21.8	10.3	14.6	0
511	/7/19/2016	15.7	23.8	10.1	16.5	0
511	/7/20/2016	15.8	23.5	9.1	15.1	0
511	/7/21/2016	15.8	22.7	7.5	14.7	0
511	/7/22/2016	17.7	24	7.8	14.4	0
511	/7/23/2016	17.7	24.1	8.5	15.7	0
511	/7/24/2016	17.7	25.5	9.7	18.1	0
511	/7/25/2016	17.7	25.1	10.7	16.7	0
511	/7/26/2016	17.9	22.9	8.9	15.3	0
511	/7/27/2016	18	21.5	11.1	15	0
511	/7/28/2016	18	24.7	10.7	17	0
511	/7/29/2016	18	24.2	10.3	16.8	0
511	/7/30/2016	18	24.1	9.6	14.9	0
511	/7/31/2016	18.2	22.8	7.8	14	0
511	/8/1/2016	18.2	22	10.6	15.1	0
511	/8/2/2016	18.2	21.2	10	15.1	0
511	/8/3/2016	18.2	20.7	9.3	13.9	0
511	/8/4/2016	18.4	18.7	9.6	12.9	0
511	/8/5/2016	18.5	21.4	8	13.8	0
511	/8/6/2016	19.1	18.8	8.5	12.7	0
511	/8/7/2016	19.3	21.7	8.1	14.7	0
511	/8/8/2016	19.4	21.1	9.9	14.9	0
511	/8/9/2016	19.8	20.3	8.4	14.3	0
511	/8/10/2016	20	19.7	8.7	14.2	0
511	/8/11/2016	21	18.5	8.5	12.8	0
511	/8/12/2016	21.1	20.7	8.4	14.1	0
511	/8/13/2016	21.1	21.3	9.8	15.4	0
511	/8/14/2016	21.1	19.4	8	12.8	0
511	/8/15/2016	21.1	19.6	4.9	13.1	0
511	/8/16/2016	21.1	20.7	7	13.5	0
511	/8/17/2016	21.3	20.5	7.6	12.9	0
511	/8/18/2016	21.3	20.6	7.1	13.6	0
511	/8/19/2016	21.3	20.5	6.8	13	0
511	/8/20/2016	21.4	20.3	5.7	13.6	0
511	/8/21/2016	21.6	18.5	6.8	11.3	0
511	/8/22/2016	21.8	18.1	5.9	11.6	0
511	/8/23/2016	21.8	18.7	5.8	12.4	0
511	/8/24/2016	21.8	17.1	4.8	11	0
511	/8/25/2016	21.9	18.3	3.8	11.5	0
511	/8/26/2016	22	18.4	5	10.9	0
511	/8/27/2016	22	16.9	5.4	10.5	0
511	/8/28/2016	22.4	16.2	3.7	9.4	0
511	/8/29/2016	22.5	17.7	3.4	10.7	0
511	/8/30/2016	22.5	18.7	3.5	11.7	0
511	/8/31/2016	22.5	17.6	7.5	12.3	0
511	/9/1/2016	22.5	19.2	5.2	12.4	0
511	/9/2/2016	22.6	17.6	8.8	12.3	0
511	/9/3/2016	22.6	19.2	6.3	13.2	0
511	/9/4/2016	22.6	20	10.3	14.8	0
511	/9/5/2016	22.6	19.9	8.9	14.7	0
511	/9/6/2016	22.6	22	9	15.7	0
511	/9/7/2016	22.8	20.4	6.8	13.3	0
511	/9/8/2016	23.3	11.5	9.3	10.4	0
511	/9/9/2016	23.4	19.7	6.5	13.2	0
511	/9/10/2016	23.4	21	7.6	14.6	0
511	/9/11/2016	23.4	19.5	6.3	14	0
511	/9/12/2016	23.5	19.7	6.8	11.9	0
511	/9/13/2016	23.6	17	5.6	10.9	0
511	/9/14/2016	23.8	17	3.3	9.8	0
511	/9/15/2016	23.8	16.6	7.3	11.5	0
511	/9/16/2016	23.8	18.1	3	10.9	0
511	/9/17/2016	23.8	17.9	1.1	10	0
511	/9/18/2016	23.8	19.4	0.7	10.9	0
511	/9/19/2016	23.8	21.4	1.7	12.2	0
511	/9/20/2016	23.8	22	3.9	13.6	0
511	/9/21/2016	23.8	20.4	8.2	14	0
511	/9/22/2016	23.8	20	6.6	13.4	0
511	/9/23/2016	23.8	19.1	7.7	13.2	0
511	/9/24/2016	23.9	11.9	-0.9	7.3	0
511	/9/25/2016	24.1	14.6	0.6	8	0
511	/9/26/2016	24.1	15.7	2.8	9.5	0
511	/9/27/2016	24.2	12.5	5.6	8.7	0
511	/9/28/2016	24.2	14.4	5.3	8.8	0
511	/9/29/2016	24.4	16.1	4.8	10.5	0
511	/9/30/2016	25.1	15.9	4.9	10.6	0
511	/9/30/2016	25.4	-99.9	-99.9	-99.9	-99.9
511	/10/1/2016	0	17.2	3.6	9.9	0
511	/10/2/2016	0.2	16.3	2.9	9.8	0
511	/10/3/2016	0.5	16.1	2.6	9.8	0
511	/10/4/2016	0.7	13.4	2.8	8.5	0
511	/10/5/2016	0.7	13.7	1.4	7.2	0
511	/10/6/2016	0.7	13.8	0.9	8.1	0
511	/10/7/2016	0.7	15.2	0.7	8.2	0
511	/10/8/2016	0.7	15.9	-0.6	8.3	0
511	/10/9/2016	0.7	14.5	4.5	9.5	0
511	/10/10/2016	0.7	15.5	2.3	7.7	0
511	/10/11/2016	0.7	16.4	2.7	9.5	0
511	/10/12/2016	0.7	17.4	4.6	11	0
511	/10/13/2016	0.7	17.7	1.5	10	0
511	/10/14/2016	0.7	17.3	-0.6	8.4	0
511	/10/15/2016	0.8	18.6	1	10	0
511	/10/16/2016	0.8	18.7	6.1	11.6	0
511	/10/17/2016	0.9	17.9	5.3	11.3	0
511	/10/18/2016	0.9	18.1	7.4	11.7	0
511	/10/19/2016	0.9	17.9	5.9	11	0
511	/10/20/2016	0.9	18.2	1.6	9.6	0
511	/10/21/2016	0.9	14.8	0.6	7.3	0
511	/10/22/2016	0.9	18	2	8.6	0
511	/10/23/2016	1	17.8	0.3	9.3	0
511	/10/24/2016	1	17.9	3.5	9.9	0
511	/10/25/2016	1	15.8	2.3	9.9	0
511	/10/26/2016	1	15.7	2.2	8.9	0
511	/10/27/2016	1	18.3	0.2	9.7	0
511	/10/28/2016	1	16.6	6.4	11.1	0
511	/10/29/2016	1	16.8	3.6	9.7	0
511	/10/30/2016	1	16.8	3.4	10	0
511	/10/31/2016	1	16.6	3.1	9.8	0
511	/11/1/2016	1	14.3	2.7	8.8	0
511	/11/2/2016	1	12.4	0.7	7.3	0
511	/11/3/2016	1.1	11.8	-1.9	5.4	0
511	/11/4/2016	1.9	8.4	3.4	5.7	0
511	/11/5/2016	2.8	7.6	-1	4.2	0
511	/11/6/2016	2.8	10.7	-1.1	4.4	0
511	/11/7/2016	2.9	12	-0.2	5.3	0
511	/11/8/2016	2.9	13.1	0.7	7.3	0
511	/11/9/2016	2.9	11.3	0.3	6	0
511	/11/10/2016	2.9	10.2	-2.3	4.6	0
511	/11/11/2016	2.9	9	-2	2.7	0
511	/11/12/2016	2.9	9.5	-3.8	2.4	0
511	/11/13/2016	2.9	9.7	-3.4	2.2	0
511	/11/14/2016	2.9	12.6	-4.2	4.4	0
511	/11/15/2016	2.9	14.7	1.1	6.7	0
511	/11/16/2016	2.9	17.1	0.2	7.9	0
511	/11/17/2016	2.9	13.5	0.5	8.3	0
511	/11/18/2016	2.9	7.4	-6.9	2.4	0
511	/11/19/2016	2.9	12	-4.7	2.6	0
511	/11/20/2016	2.9	11.7	-1.9	3.8	0
511	/11/21/2016	3	13.4	0.4	7.2	1
511	/11/22/2016	3.7	5	-0.9	2	1
511	/11/23/2016	3.8	4.5	-6.4	-0.6	0
511	/11/24/2016	3.8	10.8	-6	1.3	0
511	/11/25/2016	3.8	8.4	-4.8	2.1	0
511	/11/26/2016	3.8	7.1	-6.7	0.7	0
511	/11/27/2016	4	6.1	-3.3	2.5	1
511	/11/28/2016	4.3	2.1	-4	-1.5	6
511	/11/29/2016	4.6	-1.5	-7	-4.4	7
511	/11/30/2016	4.7	-2.2	-10.6	-6.6	7
511	/12/1/2016	4.9	4.6	-17.2	-5.2	7
511	/12/2/2016	4.9	6.7	-7	-1.5	6
511	/12/3/2016	4.9	3	-8.9	-2.2	6
511	/12/4/2016	4.9	5.7	-3.9	-0.6	7
511	/12/5/2016	4.9	8.8	-5.1	1.4	6
511	/12/6/2016	4.9	7.3	-2.4	1.5	6
511	/12/7/2016	4.9	4.2	-1.7	0.2	6
511	/12/8/2016	4.9	5.2	-7	-0.8	6
511	/12/9/2016	4.9	7.5	-7.3	-0.8	6
511	/12/10/2016	4.9	11.1	-6.2	1.5	4
511	/12/11/2016	4.9	11.7	-2.6	4.8	5
511	/12/12/2016	4.9	9.9	0.5	4.3	3
511	/12/13/2016	4.9	8.6	0.5	3.7	3
511	/12/14/2016	4.9	9.6	1.2	4.2	3
511	/12/15/2016	4.9	12.1	-1.7	5.3	2
511	/12/16/2016	4.9	13.5	2.5	6.9	2
511	/12/17/2016	5.7	5.1	1	2.5	4
511	/12/18/2016	6.4	1.8	-13.8	-4.8	7
511	/12/19/2016	6.5	4.7	-11.7	-5.3	7
511	/12/20/2016	6.6	5.9	-9.3	-1.1	6
511	/12/21/2016	6.6	13	-3.1	3.9	5
511	/12/22/2016	6.7	11.2	1.7	5.7	4
511	/12/23/2016	8.5	5.5	-0.5	3.6	3
511	/12/24/2016	8.6	5.2	-2.1	0.5	3
511	/12/25/2016	8.9	3.7	-7.5	-0.7	8
511	/12/26/2016	9.4	-5.1	-9.2	-7.5	12
511	/12/27/2016	9.4	8.1	-9.2	-1.5	10
511	/12/28/2016	9.4	11.3	-4.9	3.3	7
511	/12/29/2016	9.4	12	-1.2	4.4	7
511	/12/30/2016	9.4	9.4	-5.4	1.4	7