Station	Date	Tmin	Tmax	Tavg	I
6135	1/1/2010	0.5	0.9	5.6	3.2
6135	2/1/2010	-5.4	0.6	4.1     3.2
6135	3/1/2010	-5.2	3.5	2.8     0.8
6135	4/1/2010	-1.4	0.3	3.3	0.9
6135	5/1/2010	-7.2	-2.3	-5.8	3.5
6135	6/1/2010	-8.5	1.2	4.8     1.9
6135	7/1/2010	-1	1.9	8	2.7
6135	8/1/2010	-7.2	2.1	4.1 	1.6
6135	9/1/2010	-0.7	5.1	-2.2 	3.1
6135	10/1/2010	1.7	3.6	3.9 	0.8
6135	11/1/2010	-1.5	3.6	4.2 	2.1
6135	12/1/2010	-1.5	4.5	1.4 	2.1
6135	13/01/2010	2.9	4.3	4.5 	0.4
6135	14/01/2010	2.8	3.6	4.3 	0.7
6135	15/01/2010	1.6	2.8	-0.6 	0.7
6135	16/01/2010	-1.9	1.1	4.3 	1.7
6135	17/01/2010	-1.1	0.1	3.6 	0.6
6135	18/01/2010	-1.4	3.2	5.7 	1.4
6135	19/01/2010	1.8	3.4	6.8 	1
6135	20/01/2010	1.1	4.6	3.8 	2.9
6135	21/01/2010	1	4.5	0.4 	4.1
6135	22/01/2010	-0.8	2.2	2.1 	1.6
6135	23/01/2010	-0.2	2.3	3.9 	1.1
6135	24/01/2010	0	3.5	1.1 	0.8
6135	25/01/2010	1.2	3.4	1.6 	1.3
6135	26/01/2010	-0.4	2	6.0 	1.9
6135	27/01/2010	-0.5	3.3	7.1 	2.8
6135	28/01/2010	-0.3	1.1	2.7 	1.3
6135	29/01/2010	-2.8	-1.8	6.6 	1.1
6135	30/01/2010	-3.2	0.7	2.7 	0.8
6135	31/01/2010	-1.5	1.8	9	2.3
6135	1/2/2010	-2.9	0.1	2.1	1.9
6135	2/2/2010	-1.8	1.3	8.9	1.4
6135	3/2/2010	0	1.3	7.2	1.9
6135	4/2/2010	-0.1	1.2	3.7	0.7
6135	5/2/2010	0	2.4	8.7	1.4
6135	6/2/2010	0.3	4.4	8.8	0.9
6135	7/2/2010	1	2.9	6.7 	1.2
6135	8/2/2010	0.5	3.1	7.0 	4.6
6135	9/2/2010	0.2	1.1	7.2 	1.8
6135	10/2/2010	-0.1	2	3.1 	1.6
6135	11/2/2010	-0.8	1.6	6.9 	4.5
6135	12/2/2010	-1.3	-0.1	2.0 	3.4
6135	13/02/2010	-8.3	1	4.6 	8
6135	14/02/2010	-4.9	1.3	2.6 	8.1
6135	15/02/2010	-3.2	0.8	6.3 	3.4
6135	16/02/2010	-0.7	0.1	7.2 	3.6
6135	17/02/2010	-7.4	-1	8.2 	8.9
6135	18/02/2010	-9.2	0.2	5.3 	5.9
6135	19/02/2010	-4	0.4	1.2 	3.7
6135	20/02/2010	-0.5	1.1	4.4 	4.8
6135	21/02/2010	-0.7	0.9	3.9 	3.9
6135	22/02/2010	-0.2	6.4	4.3 	6.4
6135	23/02/2010	0.8	3.5	5.4 	2.2
6135	24/02/2010	-2	3.5	5.6 	9.6
6135	25/02/2010	-0.6	4.9	8.2 	2.3
6135	26/02/2010	3.4	6.9	6.5 	3.7
6135	27/02/2010	1.3	6.2	6.0 	3.2
6135	28/02/2010	-0.3	3.6	4.9 	4.8
6135	1/3/2010	0.5	4	9.8 	1.6
6135	2/3/2010	2.5	5.6	13.4	2.6
6135	3/3/2010	2.9	6.5	12.3	7.5
6135	4/3/2010	2.8	6.6	13.1	6.6
6135	5/3/2010	3.3	6.4	9.8	4.4
6135	6/3/2010	2.3	4.2	16.3	0.8
6135	7/3/2010	1.1	3.8	13.3	3.8
6135	8/3/2010	1.2	6.7	14	3.2
6135	9/3/2010	0.8	5.2	14.5 	6.6
6135	10/3/2010	1.7	7.9	11.4 	6.9
6135	11/3/2010	1.4	6.7	9.2 	8.6
6135	12/3/2010	-1.9	5.4	10.3 	2.6
6135	13/03/2010	1.3	8.2	12.3 	5.1
6135	14/03/2010	0.7	8.2	8.5 	7.3
6135	15/03/2010	2.2	7.7	8.0 	2.9
6135	16/03/2010	3.7	7.2	11.9 	4.5
6135	17/03/2010	4.7	8.5	8.1 	15
6135	18/03/2010	2.4	9.2	7.1 	14.2
6135	19/03/2010	0.8	8	10.0 	15.7
6135	20/03/2010	-2.2	5.1	11.1 	12.8
6135	21/03/2010	0.6	4.3	10.7 	2.5
6135	22/03/2010	2.4	8.8	10.6 	12.7
6135	23/03/2010	4.1	4.9	9.1 	4
6135	24/03/2010	-0.3	2.3	6.1 	12.1
6135	25/03/2010	-3.3	1.8	9.0 	11
6135	26/03/2010	-1.6	4.7	12.4 	7.7
6135	27/03/2010	1.9	6.8	12.4 	10.9
6135	28/03/2010	2.2	7.8	7.7 	9.9
6135	29/03/2010	1.2	9.1	8.6 	12.6
6135	30/03/2010	0	7.3	10.7 	13.3
6135	31/03/2010	3.7	8.5	11.1 	6.1
6135	1/4/2010	5	9.3	15.9	4.8
6135	2/4/2010	-0.3	10.6	17.8	9.1
6135	3/4/2010	-0.8	15	18.9	19.1
6135	4/4/2010	1.5	17.5	16.6	17.5
6135	5/4/2010	6	11.3	20	13.5
6135	6/4/2010	-1	12.4	14.2	17.6
6135	7/4/2010	6.2	15.8	18.2	14.4
6135	8/4/2010	6.2	13.4	16.9 	14.7
6135	9/4/2010	4.2	13.7	17.8 	17.2
6135	10/4/2010	4.4	15.4	18.6 	19.9
6135	11/4/2010	5.9	14.4	18.5 	20.7
6135	12/4/2010	3.6	13.4	16.4 	20.7
6135	13/04/2010	3	16	20.1 	19.1
6135	14/04/2010	5	17.8	15.2 	18.3
6135	15/04/2010	6.6	13.6	17.6 	19.6
6135	16/04/2010	5.2	12.5	18.3 	20.1
6135	17/04/2010	2.2	14.3	16.4 	22.4
6135	18/04/2010	2.5	14.2	16.9 	22.6
6135	19/04/2010	0.4	10.5	16.4 	22.8
6135	20/04/2010	-1	14.8	19.1 	20.5
6135	21/04/2010	1.1	14.4	16.8 	23
6135	22/04/2010	2.5	10.8	18.1 	10.7
6135	23/04/2010	2.2	16.5	15.1 	22.8
6135	24/04/2010	1.5	16.9	16.9 	23.5
6135	25/04/2010	3.3	16.9	18.2 	23.3
6135	26/04/2010	8.4	22.9	17.3 	19.1
6135	27/04/2010	7.9	20.2	15.3 	17.8
6135	28/04/2010	9.7	19.6	16.9 	14.3
6135	29/04/2010	6.6	19.7	18.5 	22.3
6135	30/04/2010	7.9	20.2	17.7 	22.4
6135	1/5/2010	4.9	17	21.1 	25.2
6135	2/5/2010	0.7	18	22	24.4
6135	3/5/2010	6.6	15.6	22.2	15.9
6135	4/5/2010	6.5	13	24.4	16.7
6135	5/5/2010	7.7	13.6	23.6	11.9
6135	6/5/2010	8.7	12.5	23.9	15.2
6135	7/5/2010	6.2	14	23	10.1
6135	8/5/2010	7.8	17.4	23.2	16.7
6135	9/5/2010	6.5	15.5	22.2 	23
6135	10/5/2010	5.3	16	22.5 	25.3
6135	11/5/2010	6.4	12.7	20.3 	24.9
6135	12/5/2010	5	15.9	23.1 	27.1
6135	13/05/2010	3.8	16.7	21.4 	17.7
6135	14/05/2010	3.1	15.5	23.2 	17.6
6135	15/05/2010	5.1	14.1	22.4 	25.9
6135	16/05/2010	7.5	9.2	18.6 	4
6135	17/05/2010	7.4	13.7	23.9 	15.8
6135	18/05/2010	7.8	18.5	21.3 	26
6135	19/05/2010	5.9	18.9	24.1 	22.4
6135	20/05/2010	8.8	17.7	23.5 	27.3
6135	21/05/2010	7.7	19.5	23.0 	19.3
6135	22/05/2010	9.9	15.7	24.4 	16.2
6135	23/05/2010	8.6	17.1	21.0 	20.3
6135	24/05/2010	7.2	18.8	17.8 	12.9
6135	25/05/2010	10	17.7	21.4 	26.9
6135	26/05/2010	7.4	22.9	22.2 	21.9
6135	27/05/2010	10.9	15.7	21.6 	24.1
6135	28/05/2010	10.5	14.6	23.0 	25.6
6135	29/05/2010	8.9	17.9	22.7 	24
6135	30/05/2010	8.9	21.9	22.5 	26.7
6135	31/05/2010	11.1	24.6	24.4 	27.6
6135	1/6/2010	10.6	24	25.9 	28.8
6135	2/6/2010	9.4	22	29	24.6
6135	3/6/2010	9.2	15.5	27.9	23.9
6135	4/6/2010	6.1	15.4	29.7	19.3
6135	5/6/2010	5.2	14.3	28.5	21.8
6135	6/6/2010	1.9	15.1	28.7	23.4
6135	7/6/2010	6.3	14.7	26.7	19.5
6135	8/6/2010	7.2	16.1	30	17.3
6135	9/6/2010	2.7	15.4	29.7 	12.7
6135	10/6/2010	10.7	16.5	26.2 	11.9
6135	11/6/2010	7.4	11.9	26.6 	4.1
6135	12/6/2010	9	12	28.3 	6.9
6135	13/06/2010	9.8	16.6	25.8 	29.6
6135	14/06/2010	8.5	18	28.1 	23.9
6135	15/06/2010	9.1	16.6	28.2 	27.9
6135	16/06/2010	5.6	16.1	28.0 	24.7
6135	17/06/2010	8.3	17.2	29.6 	28.5
6135	18/06/2010	12.3	18.2	27.0 	22.5
6135	19/06/2010	10	16.6	29.8 	20.2
6135	20/06/2010	10.7	17.8	28.6 	21.1
6135	21/06/2010	8.5	17.8	29.9 	26.8
6135	22/06/2010	7.5	20.6	29.7 	21.3
6135	23/06/2010	8.4	21.3	27.3 	30.1
6135	24/06/2010	13.4	24.3	26.6 	30.4
6135	25/06/2010	12	23.3	27.9 	18.3
6135	26/06/2010	16	23.1	27.0 	26.6
6135	27/06/2010	11.9	21.9	26.7 	22.8
6135	28/06/2010	10.4	23	28.0 	25.4
6135	29/06/2010	11.6	21.6	28.8 	11.7
6135	30/06/2010	12.7	26.7	29.9 	23.1
6135	1/7/2010	16.1	26.6	29.7 	19.2
6135	2/7/2010	14.4	27.2	28.7 	27.9
6135	3/7/2010	15.1	27.8	29.4	27.6
6135	4/7/2010	12.2	27.2	32	25.5
6135	5/7/2010	17.1	23.1	30.7	10.7
6135	6/7/2010	12	22.2	30.5	17.4
6135	7/7/2010	12.6	21.8	31.4	23.5
6135	8/7/2010	12.5	20.7	31.2	23.1
6135	9/7/2010	13.2	19.5	32	26.4
6135	10/7/2010	12.1	17.3	31.6 	10.7
6135	11/7/2010	12.7	18.7	30.0 	23.9
6135	12/7/2010	12.6	19.4	32.7 	20.2
6135	13/07/2010	14.6	21.1	32.1 	22
6135	14/07/2010	13.4	24.2	30.1 	25.4
6135	15/07/2010	13.7	26.7	30.7 	21.9
6135	16/07/2010	14.1	24.4	32.4 	24.5
6135	17/07/2010	10.9	25.9	31.4 	18.4
6135	18/07/2010	17.2	19.7	31.3 	6.5
6135	19/07/2010	14.7	20.3	31.1 	14
6135	20/07/2010	13.3	19.5	29.9 	15.7
6135	21/07/2010	13.5	22.3	30.4 	26.9
6135	22/07/2010	11.3	22.3	32.2 	9.8
6135	23/07/2010	16.1	22.4	30.8 	9.9
6135	24/07/2010	13.3	20.3	30.9 	14
6135	25/07/2010	12.4	20.3	31.6 	19.9
6135	26/07/2010	14.1	20	30.1 	19
6135	27/07/2010	14	25.2	30.9 	14.1
6135	28/07/2010	14	23	32.2 	21.1
6135	29/07/2010	9.9	24.1	30.2 	16
6135	30/07/2010	16.1	20.7	32.3 	16.6
6135	31/07/2010	13.2	21.4	31.3 	24
6135	1/8/2010	6.9	22.4	29.2 	22.3
6135	2/8/2010	15.6	27.2	31.1 	15.3
6135	3/8/2010	16.3	20.3	30.7	9.8
6135	4/8/2010	14.7	21.4	29.9	10.3
6135	5/8/2010	12.3	25.9	30.6	21.5
6135	6/8/2010	12.1	25.9	29.8	20.3
6135	7/8/2010	13.5	25.1	29.8	23.4
6135	8/8/2010	15.8	28.6	29.5	20
6135	9/8/2010	16.7	27.9	29.1	19.2
6135	10/8/2010	17	25.1	30.2 	12.6
6135	11/8/2010	15.1	22.3	29.7 	15.1
6135	12/8/2010	15	21.2	28.4 	11.9
6135	13/08/2010	13.4	21.4	30.3 	19.6
6135	14/08/2010	12.8	20.1	29.8 	21.5
6135	15/08/2010	13.1	21.9	28.7 	10.1
6135	16/08/2010	15.1	22.5	31.0 	19.3
6135	17/08/2010	15.8	21.1	30.9 	10.8
6135	18/08/2010	13.2	19.9	28.1 	20
6135	19/08/2010	10.5	22.7	28.8 	20.8
6135	20/08/2010	16.1	28.9	30.1 	21.3
6135	21/08/2010	18.1	22.2	29.0 	8.8
6135	22/08/2010	12.8	20.5	31.1 	18.4
6135	23/08/2010	7.1	21.3	30.5 	20.8
6135	24/08/2010	14.3	23.5	30.1 	21.1
6135	25/08/2010	14.7	23.3	27.6 	11.4
6135	26/08/2010	14	21.1	29.7 	17
6135	27/08/2010	15.3	26	31.2 	18.3
6135	28/08/2010	17	22.6	32.4 	7.1
6135	29/08/2010	13.4	18	30.4 	17.6
6135	30/08/2010	12	17.5	32.2 	14.1
6135	31/08/2010	12.5	18.3	30.7 	7.9
6135	1/9/2010	15.8	27	31.6 	18.3
6135	2/9/2010	14.9	26.3667	31.0 	18.06666667
6135	3/9/2010	14.72	25.7333	25.5	17.83333333
6135	4/9/2010	14.54	25.1	26.6	17.6
6135	5/9/2010	14.36	24.4667	24.9	17.36666667
6135	6/9/2010	14.18	23.8333	25.6	17.13333333
6135	7/9/2010	14	23.2	26.6	16.9
6135	8/9/2010	14	23.2	24.2	16.9
6135	9/9/2010	15.3	22.6	25.4	11.1
6135	10/9/2010	11.2	19.6	26.2 	15
6135	11/9/2010	9.2	19.4	27.1 	15.6
6135	12/9/2010	7.6	17.5	26.4 	12.3
6135	13/09/2010	11.7	17.5	25.5 	13.5
6135	14/09/2010	11.7	19.2	25.5 	13.5
6135	15/09/2010	10.3	19.1	25.1 	13.9
6135	16/09/2010	6.8	18.2	25.2 	15.9
6135	17/09/2010	5.3	18.3	25.9 	12.9
6135	18/09/2010	4.4	19	26.8 	15.2
6135	19/09/2010	8.5	21.1	25.9 	15.1
6135	20/09/2010	6.9	22.1	25.1 	13.5
6135	21/09/2010	8.6	17.8	25.8 	12.5
6135	22/09/2010	14	19	25.9 	9.2
6135	23/09/2010	14.1	18	28.2 	8.8
6135	24/09/2010	11.7	18.7	25.5 	10.4
6135	25/09/2010	10.4	18.9	24.1 	13.3
6135	26/09/2010	13.7	16.3	27.0 	3.5
6135	27/09/2010	14.3	16.6	23.6 	4.1
6135	28/09/2010	14.2	17.6	25.7 	4.9
6135	29/09/2010	10.2	12.8	27.6 	11.5
6135	30/09/2010	6.2	13	25.4 	8.2
6135	1/10/2010	9.1	13.1	26.4 	10.9
6135	2/10/2010	6.9	11.7	26.1 	10.3
6135	3/10/2010	6.8	13.5	19.2	1.5
6135	4/10/2010	10.3	12.9	20.2	10.1
6135	5/10/2010	7.7	13.2	20.7	10.3
6135	6/10/2010	6	14.6	18.8	11.3
6135	7/10/2010	11.4	15.4	19.8	8.3
6135	8/10/2010	4.7	13.4	18.9	8.1
6135	9/10/2010	7	11.2	21.6	9.9
6135	10/10/2010	2.9	10.6	16.7 	4
6135	11/10/2010	7.2	10.6	20.1 	5.2
6135	12/10/2010	6.3	9.7	20.7 	9.3
6135	13/10/2010	3.1	8.1	17.6 	8.9
6135	14/10/2010	-0.9	7.3	17.6 	10.9
6135	15/10/2010	1.2	8.5	15.9 	10.8
6135	16/10/2010	-0.3	6.9	18.5 	2.6
6135	17/10/2010	3.7	9.5	17.4 	6.7
6135	18/10/2010	0.6	9.9	18.3 	8.9
6135	19/10/2010	3.9	10.7	20.5 	4.5
6135	20/10/2010	7.2	10.3	14.3 	8.4
6135	21/10/2010	2.5	9.8	19.8 	2.2
6135	22/10/2010	5.9	9.8	20.9 	2.4
6135	23/10/2010	7	8.5	18.8 	1.1
6135	24/10/2010	7	8.6	19.4 	1.2
6135	25/10/2010	6.6	13	18.8 	3
6135	26/10/2010	9.3	11.5	17.4 	1.4
6135	27/10/2010	8.7	10.2	17.8 	2.7
6135	28/10/2010	5.1	8.5	18.1 	1.3
6135	29/10/2010	6	7.7	18.4 	2.3
6135	30/10/2010	1.4	8.1	21.3 	2.6
6135	31/10/2010	3.8	7	19.8 	2.4
6135	1/11/2010	4.2	6.1	20.8 	2.5
6135	2/11/2010	4.3	7.8	12.2	0.9
6135	3/11/2010	4.6	7.3	10.9	0.8
6135	4/11/2010	2.3	3.9	10.7	0.4
6135	5/11/2010	0.8	7.4	13.1	1.4
6135	6/11/2010	3.1	8.4	10.6	0.7
6135	7/11/2010	6.6	8.8	11.5	4.2
6135	8/11/2010	5.1	7.3	11.8	1.1
6135	9/11/2010	4.9	6.6	10.6 	0.9
6135	10/11/2010	4.8	10.7	7.7 	3.5
6135	11/11/2010	7.7	12.1	12.1 	0.6
6135	12/11/2010	10.2	11.3	12.2 	0.7
6135	13/11/2010	6.7	10.3	12.6 	3
6135	14/11/2010	4.5	9.5	7.5 	3.3
6135	15/11/2010	7.6	10.5	13.2 	4
6135	16/11/2010	3	5.7	11.4 	4.6
6135	17/11/2010	-1.1	4.5	12.9 	3.3
6135	18/11/2010	-2.1	4.4	10.1 	3
6135	19/11/2010	0.1	5.8	12.6 	3.9
6135	20/11/2010	1.3	6.5	12.8 	3.6
6135	21/11/2010	-2.1	2.9	13.2 	4.2
6135	22/11/2010	-1.7	3.4	14.5 	0.5
6135	23/11/2010	0.5	5.5	12.5 	0.5
6135	24/11/2010	4.4	5.7	12.9 	0.3
6135	25/11/2010	-1	4	8.7 	1.2
6135	26/11/2010	-1.4	1.7	12.7 	2.1
6135	27/11/2010	-2.7	2.8	13.4 	3.6
6135	28/11/2010	-2.2	1.5	11.2 	1.7
6135	29/11/2010	-3.7	3.3	11.2 	0.8
6135	30/11/2010	0.2	4.5	15.5 	2.7
6135	1/12/2010	-0.7	3.4	10.3 	1.2
6135	2/12/2010	-0.1	1.7	4.2	1.4
6135	3/12/2010	0.1	1.4	8.4	0.5
6135	4/12/2010	0.8	4	3.1	0.5
6135	5/12/2010	1.8	5.9	4.7	0.5
6135	6/12/2010	4.1	5.6	5.1	0.7
6135	7/12/2010	2.5	5.8	6.6	1.8
6135	8/12/2010	1.3	4	7.9	1.1
6135	9/12/2010	-1.5	2.1	5.7 	2.9
6135	10/12/2010	-1.3	4.4	7.3 	0.7
6135	11/12/2010	2	9.2	4.9 	0.5
6135	12/12/2010	5.5	8.6	7.2 	2.6
6135	13/12/2010	2.1	6.3	8.4 	1.5
6135	14/12/2010	4.3	6.7	1.2 	0.8
6135	15/12/2010	2.7	8.1	5.5 	2.6
6135	16/12/2010	1.3	4.5	1.0 	0.8
6135	17/12/2010	-4.2	0.7	6.4 	2.5
6135	18/12/2010	-2.8	1.6	3.7 	2.7
6135	19/12/2010	-8	2.9	6.8 	0.5
6135	20/12/2010	0.8	5.8	7.3 	1.2
6135	21/12/2010	-1.5	5.3	7.7 	1
6135	22/12/2010	0.4	6.3	6.4 	2.4
6135	23/12/2010	-0.7	7.6	5.0 	0.9
6135	24/12/2010	-0.7	7.7	5.8 	1
6135	25/12/2010	-0.4	2.6	7.0 	2.5
6135	26/12/2010	-1.3	2.2	3.9 	1.8
6135	27/12/2010	-1.7	0.3	4.4 	1.8
6135	28/12/2010	-3.2	-1.4	8.6 	2
6135	29/12/2010	-3.6	-0.9	6.5 	1.3
6135	30/12/2010	-2.4	1.3	10.4 	1.7
6135	31/12/2010	-3	-0.8	7.6 	1.5
