Date	Tmax	Tmin	Tavg	Rain	I
01/01/2012	30	16	23	0	11.55
02/01/2012	30.9	16.1	23.5	0	13.63
03/01/2012	31	17.9	24.45	0	6.9
04/01/2012	29	20.9	24.95	0	11.8
05/01/2012	28.6	19.6	24.1	0	9.88
06/01/2012	31	16.8	23.9	0	13.47
07/01/2012	28.4	17	22.7	0	16.32
08/01/2012	28.6	14.7	21.65	0	16.63
09/01/2012	28.5	14.8	21.65	0	16.61
10/01/2012	28.6	13.8	21.2	0	15.61
11/01/2012	26.8	18.3	22.55	0	11.86
12/01/2012	27	19.4	23.2	0	12.25
13/01/2012	28.5	18.2	23.35	0	10.47
14/01/2012	28.9	18.6	23.75	0.2	14.08
15/01/2012	32.1	20.8	26.45	0	11.92
16/01/2012	32.3	13	22.65	0	8.88
17/01/2012	33.4	15.2	24.3	0	9.74
18/01/2012	33	15.6	24.3	0	11.38
19/01/2012	32.5	17.5	25	0	11.9
20/01/2012	29.7	19.7	24.7	18	13.01
21/01/2012	31.6	21.5	26.55	0	14.81
22/01/2012	32.8	20	26.4	0	16.8
23/01/2012	31	19.9	25.45	0	17.35
24/01/2012	30.3	21	25.65	0	16.32
25/01/2012	28.5	19	23.75	0	10.2
26/01/2012	28.4	18.9	23.65	0	9.52
27/01/2012	30.9	16.8	23.85	0	6.25
28/01/2012	32	19	25.5	0	7.35
29/01/2012	31.4	21	26.2	0	12.19
30/01/2012	26	21.3	23.65	0	2.57
31/01/2012	28	20.5	24.25	0	7.58
01/02/2012	29.1	19	24.05	0	15.82
02/02/2012	30	19	24.5	0.2	6.8
03/02/2012	26	21.7	23.85	1.2	10.89
04/02/2012	29.6	20.2	24.9	0	9
05/02/2012	34.5	18.9	26.7	0	14.97
06/02/2012	35.9	18	26.95	0	14.58
07/02/2012	36.5	16.5	26.5	0	16.22
08/02/2012	34.8	16.9	25.85	0	16.6
09/02/2012	34.8	18.7	26.75	0	14.64
10/02/2012	34	19.2	26.6	0	16
11/02/2012	33.1	21.5	27.3	0	14.97
12/02/2012	33	19.5	26.25	0	11.15
13/02/2012	33.8	18	25.9	0	12.83
14/02/2012	35.2	19.5	27.35	0	15.39
15/02/2012	36	19	27.5	0	15.44
16/02/2012	35.9	18.1	27	0	15.47
17/02/2012	33	19	26	0	13.09
18/02/2012	29.7	21	25.35	0	6.88
19/02/2012	30.1	20.4	25.25	0	13.43
20/02/2012	30.6	16	23.3	0	18.04
21/02/2012	33.5	15.8	24.65	0	17.45
22/02/2012	35.2	16.9	26.05	0	17.01
23/02/2012	37	15.6	26.3	0	18.17
24/02/2012	36.6	16.5	26.55	0	18.45
25/02/2012	37	18.5	27.75	0	18.09
26/02/2012	37.6	18.5	28.05	0	17.73
27/02/2012	35.3	20	27.65	1	18.14
28/02/2012	35.5	20.1	27.8	0	18.11
29/02/2012	36.5	18.4	27.45	0	17.94
01/03/2012	37.1	17.4	27.25	0	19.72
02/03/2012	36.9	18.7	27.8	0	18.12
03/03/2012	37.6	20.2	28.9	0	18.79
04/03/2012	35.8	24	29.9	0	17.74
05/03/2012	36.2	21.4	28.8	0	18.6
06/03/2012	36.9	18.4	27.65	0	20.96
07/03/2012	38.2	17.5	27.85	0	18.97
08/03/2012	37.3	20.9	29.1	0	7.63
09/03/2012	34.5	24.2	29.35	0.4	15.66
10/03/2012	26.5	25.4	25.95	23.2	14.43
11/03/2012	30.8	22	26.4	0	10.02
12/03/2012	31.5	22.8	27.15	0	15.11
13/03/2012	30.5	22.4	26.45	0	14.22
14/03/2012	34	20.7	27.35	0	12.67
15/03/2012	33.8	23.5	28.65	0	8.65
16/03/2012	36	21.2	28.6	0	16.67
17/03/2012	36.5	21.4	28.95	0	17.87
18/03/2012	34.7	21	27.85	0	18.07
19/03/2012	36.4	20.3	28.35	0	18.05
20/03/2012	35.4	21	28.2	0	20.35
21/03/2012	36.6	20.5	28.55	0	22.18
22/03/2012	37.6	18.9	28.25	0	20.76
23/03/2012	37.8	18.5	28.15	0	16.84
24/03/2012	31.9	22	26.95	0	10.12
25/03/2012	31.9	19.6	25.75	0	14.38
26/03/2012	33.1	19.6	26.35	0	11.62
27/03/2012	33.6	21	27.3	0	18.52
28/03/2012	34.3	20.4	27.35	0	16.62
29/03/2012	36.7	20.6	28.65	0	18.44
30/03/2012	36.9	22.5	29.7	0	14.31
31/03/2012	27.8	23.5	25.65	0	13.14
01/04/2012	31.4	21.7	26.55	0	13.84
02/04/2012	33.7	19	26.35	0	16.06
03/04/2012	36	21	28.5	0	16.12
04/04/2012	34.4	22.5	28.45	0.6	7.39
05/04/2012	36	23.9	29.95	0.6	15.56
06/04/2012	35.3	22	28.65	0.2	0
07/04/2012	27.7	22	24.85	10.6	0
08/04/2012	32.2	21.4	26.8	0	0
09/04/2012	35.2	21.3	28.25	5.8	0
10/04/2012	35	21.6	28.3	7.2	0
11/04/2012	36	20.7	28.35	0	0
12/04/2012	37.4	22	29.7	0	0
13/04/2012	38.5	22	30.25	0	0
14/04/2012	38.9	22.7	30.8	0	0
15/04/2012	38.5	24.5	31.5	0	0
16/04/2012	37.8	22.5	30.15	1	0
17/04/2012	37.5	21.5	29.5	0	0
18/04/2012	37.8	23.5	30.65	0	22.54
19/04/2012	39.1	23.5	31.3	0	20.75
20/04/2012	39.5	24	31.75	0	22.11
21/04/2012	39	23.6	31.3	0.6	21.54
22/04/2012	34.1	23.4	28.75	0	22.77
23/04/2012	37.9	24.5	31.2	0	19.13
24/04/2012	38.5	23.8	31.15	0	22.23
25/04/2012	38.5	25.3	31.9	0.4	21.04
26/04/2012	40.6	24.6	32.6	0	20.99
27/04/2012	36.6	24.8	30.7	63	22.36
28/04/2012	33	22.6	27.8	0	19.8
29/04/2012	34.3	24.5	29.4	0.4	21.82
30/04/2012	36.8	25	30.9	0	21.63
01/05/2012	37.4	24.6	31	0	20.98
02/05/2012	38.5	24	31.25	0	18.85
03/05/2012	37.7	24.3	31	32.3	14.61
04/05/2012	35.8	23.1	29.45	0.5	22.6
05/05/2012	35	23.9	29.45	5.3	9.87
06/05/2012	28.9	23.5	26.2	21.3	18.14
07/05/2012	26.4	24	25.2	11.2	22.47
08/05/2012	33.2	24	28.6	18.6	6.9
09/05/2012	32.8	23	27.9	0	13.86
10/05/2012	33.5	23.7	28.6	0	20.8
11/05/2012	35.6	23.4	29.5	0	22.55
12/05/2012	36.5	23	29.75	0	20.61
13/05/2012	36.4	24.4	30.4	0	18.92
14/05/2012	36.7	24.2	30.45	0	19.4
15/05/2012	35.3	25.6	30.45	1.3	20.47
16/05/2012	33.8	23.2	28.5	0	10.09
17/05/2012	34.5	25.2	29.85	18.2	5.28
18/05/2012	34.3	25	29.65	4	12.94
19/05/2012	32.4	25	28.7	21.1	20.62
20/05/2012	32.7	24.5	28.6	0	21.79
21/05/2012	34.4	25.7	30.05	4	20.58
22/05/2012	35.5	25	30.25	23	18.27
23/05/2012	32.3	25	28.65	0	14.52
24/05/2012	34.3	25.1	29.7	0	16.42
25/05/2012	34.4	24.9	29.65	10.6	13.76
26/05/2012	31.5	23.2	27.35	0	13.49
27/05/2012	32	24.1	28.05	17.5	15.25
28/05/2012	32.7	23.8	28.25	11.4	16.27
29/05/2012	31.7	24.5	28.1	27.2	13.14
30/05/2012	32.5	23.5	28	5.4	15.88
31/05/2012	31.9	24.5	28.2	31.2	14.35
01/06/2012	30	24.5	27.25	3.2	12.52
02/06/2012	31.1	24.4	27.75	0	8.49
03/06/2012	34.9	25	29.95	2.9	10.55
04/06/2012	33.6	24	28.8	0	11.83
05/06/2012	33.4	25	29.2	0.6	17.59
06/06/2012	35.6	25	30.3	26.4	16.12
07/06/2012	34	23.6	28.8	25	13.18
08/06/2012	30.4	24.9	27.65	32.3	12.35
09/06/2012	33	25	29	0	16.57
10/06/2012	32.7	24.6	28.65	0.3	15.78
11/06/2012	34.1	24	29.05	0	19.74
12/06/2012	34.1	24.6	29.35	0	19.17
13/06/2012	32.8	25	28.9	0	13.21
14/06/2012	35.2	25	30.1	0	17.35
15/06/2012	34.3	25	29.65	0	14.76
16/06/2012	34	25.4	29.7	0	12.74
17/06/2012	32.6	24.7	28.65	2	9.14
18/06/2012	32.8	24.6	28.7	0	9.98
19/06/2012	33.2	26.4	29.8	0	11.41
20/06/2012	31.3	25	28.15	0.1	14.6
21/06/2012	32.1	24	28.05	0.6	16.22
22/06/2012	33.8	24.4	29.1	0	16.26
23/06/2012	33	25.1	29.05	0.9	19.34
24/06/2012	32.2	24.2	28.2	0	18.1
25/06/2012	33	24.5	28.75	0	15.91
26/06/2012	34.2	24	29.1	0	13.38
27/06/2012	34	26	30	0	13.06
28/06/2012	34.6	25.4	30	0	13.67
29/06/2012	34	23.4	28.7	0	20.75
30/06/2012	32.9	24.2	28.55	0	12.14
01/07/2012	32	24.6	28.3	10.4	9.82
02/07/2012	27.6	24.2	25.9	4.5	16.55
03/07/2012	32	24	28	0	15.35
04/07/2012	33.8	25	29.4	10.5	12.97
05/07/2012	29	24.2	26.6	5.7	12.96
06/07/2012	32.5	24	28.25	0.8	15.69
07/07/2012	32.7	24.5	28.6	21.5	17.07
08/07/2012	30	23.5	26.75	0	16.51
09/07/2012	31.3	25	28.15	1.3	3.35
10/07/2012	33.8	23	28.4	16.6	14.24
11/07/2012	34.3	23.5	28.9	4.7	17.25
12/07/2012	33.5	23.8	28.65	0.2	7.38
13/07/2012	32	24.1	28.05	0	8.08
14/07/2012	32	24.6	28.3	22.5	18.94
15/07/2012	32.5	23.5	28	0	21.05
16/07/2012	34.2	24.4	29.3	0	17.25
17/07/2012	32	24.5	28.25	0	16.77
18/07/2012	32.8	24.5	28.65	0.5	10.43
19/07/2012	31.8	24	27.9	0	9.04
20/07/2012	34.5	23.8	29.15	0	16.27
21/07/2012	34.3	24.2	29.25	0	19.74
22/07/2012	34.3	26.6	30.45	0	16.5
23/07/2012	30.9	26.6	28.75	4	12.47
24/07/2012	29.4	23	26.2	2.5	11.55
25/07/2012	28.5	25	26.75	1.2	10.3
26/07/2012	31.3	23.5	27.4	0	12.16
27/07/2012	32.5	23.5	28	0	12.6
28/07/2012	32	24.5	28.25	0.2	11.53
29/07/2012	30.1	24.9	27.5	0.8	14.55
30/07/2012	31	24	27.5	0	9.38
31/07/2012	31.5	25	28.25	0	14.86
01/08/2012	31.5	26.6	29.05	0	16.21
02/08/2012	34.5	24.5	29.5	0	9.91
03/08/2012	33	25	29	0	9.74
04/08/2012	33	25	29	0	14.28
05/08/2012	30.3	25.5	27.9	1.4	16.22
06/08/2012	32.8	24.2	28.5	0	11.76
07/08/2012	30.9	26	28.45	0.8	11.6
08/08/2012	25.8	23.8	24.8	17.2	9.76
09/08/2012	25.5	23	24.25	2.6	10.28
10/08/2012	29.3	23.5	26.4	0	13.93
11/08/2012	33.1	23.5	28.3	0	18.64
12/08/2012	32.3	25	28.65	0	11.21
13/08/2012	34.5	24.5	29.5	0	14.1
14/08/2012	33.7	24	28.85	0	11.76
15/08/2012	33.5	24.4	28.95	0	14.34
16/08/2012	33	25.1	29.05	0.4	14.54
17/08/2012	31.8	24.6	28.2	0	17.39
18/08/2012	33	25.5	29.25	0	14.51
19/08/2012	33	25	29	0.2	14.14
20/08/2012	32.3	24.4	28.35	0	14.73
21/08/2012	35.9	24	29.95	0	20.78
22/08/2012	35.8	24.3	30.05	0	20.29
23/08/2012	32.4	24.9	28.65	107.2	16.34
24/08/2012	30.8	22.4	26.6	1.6	15.45
25/08/2012	30.6	24.6	27.6	0	12.49
26/08/2012	31.2	24	27.6	13.4	10.08
27/08/2012	31.3	24.3	27.8	1.4	10.77
28/08/2012	33.3	23.5	28.4	1.8	16.83
29/08/2012	29.3	25	27.15	0.9	13.48
30/08/2012	33.6	24	28.8	0	16.88
31/08/2012	31.4	24.4	27.9	28.4	10.86
01/09/2012	31.9	24	27.95	2.5	11.88
02/09/2012	31.5	24.6	28.05	4.2	12.25
03/09/2012	31.5	24	27.75	10.3	13.84
04/09/2012	33.1	22.6	27.85	9.8	7.92
05/09/2012	30.5	22.2	26.35	10.8	13.48
06/09/2012	31.3	24	27.65	35.6	2.21
07/09/2012	30.6	23.8	27.2	22.4	12.45
08/09/2012	30.2	24.4	27.3	22.4	18.12
09/09/2012	28.4	22.5	25.45	5.8	16.51
10/09/2012	32	23.2	27.6	0	15.08
11/09/2012	33.5	22.5	28	0	14.58
12/09/2012	33.5	23.8	28.65	0	18.28
13/09/2012	34	24	29	20.4	16.55
14/09/2012	30.7	23.5	27.1	8.8	11.71
15/09/2012	31.3	23.4	27.35	0	8.19
16/09/2012	31	24.5	27.75	0	6.76
17/09/2012	31.5	23.2	27.35	0	11.38
18/09/2012	32.8	23.2	28	0	10.84
19/09/2012	33.2	23.7	28.45	10	9.01
20/09/2012	32.1	23.5	27.8	0	14.64
21/09/2012	34	23.5	28.75	22.8	12.23
22/09/2012	34.3	23.6	28.95	0	14.3
23/09/2012	34.6	24.2	29.4	0	16.41
24/09/2012	33.7	24.8	29.25	0	15.28
25/09/2012	32.6	24.6	28.6	5.8	10.04
26/09/2012	33.3	24	28.65	0.2	11.68
27/09/2012	33	24.9	28.95	0	10.68
28/09/2012	32.9	24.2	28.55	0	4.77
29/09/2012	32.5	24.6	28.55	15.2	14.85
30/09/2012	30.8	23.5	27.15	1.8	16.82
01/10/2012	31.8	21.6	26.7	0	9.54
02/10/2012	33	22	27.5	0	7.41
03/10/2012	32.9	23.1	28	0.6	18.16
04/10/2012	32.8	22.5	27.65	2	18.42
05/10/2012	31.5	23.5	27.5	4.8	18.42
06/10/2012	30.9	23.9	27.4	0	7.44
07/10/2012	30.6	23	26.8	4.6	11.09
08/10/2012	28.5	21.5	25	0.6	7.31
09/10/2012	29.7	23.5	26.6	0.4	8.83
10/10/2012	32.5	22.2	27.35	0	8.03
11/10/2012	32.8	21.2	27	0	8.03
12/10/2012	33.1	22.2	27.65	0	12.74
13/10/2012	34	22.1	28.05	0	0
14/10/2012	34.5	22.9	28.7	0	14.62
15/10/2012	34.4	22	28.2	0	7.5
16/10/2012	34.8	21.1	27.95	0	8.84
17/10/2012	34	20.8	27.4	0	12.75
18/10/2012	30.9	22.6	26.75	0	18.76
19/10/2012	33.7	20.6	27.15	0	17.07
20/10/2012	33.7	22	27.85	0	16.89
21/10/2012	33.3	21.3	27.3	0	16.98
22/10/2012	33.6	22.5	28.05	0	17.07
23/10/2012	34	21.9	27.95	0	12.44
24/10/2012	33.9	20.2	27.05	0	12.76
25/10/2012	34.3	22	28.15	0	18.2
26/10/2012	33.7	21	27.35	0	17.41
27/10/2012	33.5	22	27.75	0	17.86
28/10/2012	34.4	21.5	27.95	0	14.69
29/10/2012	35.5	22	28.75	0	11.46
30/10/2012	35	22.5	28.75	2	15.02
31/10/2012	32.5	23.6	28.05	0	6.43
01/11/2012	32.2	21	26.6	0	17.39
02/11/2012	33.4	19.2	26.3	0	11.66
03/11/2012	33.7	19.9	26.8	0	16.06
04/11/2012	33.5	21.8	27.65	1	9.78
05/11/2012	33.7	21.5	27.6	0	13.55
06/11/2012	34.5	23	28.75	0	10.91
07/11/2012	35.5	22	28.75	0	13.62
08/11/2012	35.8	21.9	28.85	0	14.47
09/11/2012	35.7	22.5	29.1	0	12.03
10/11/2012	35.4	22.2	28.8	0.3	11.76
11/11/2012	34.7	24.1	29.4	0.8	11.96
12/11/2012	32.8	23	27.9	0	4.09
13/11/2012	33	22.5	27.75	0	11.51
14/11/2012	34	21.7	27.85	0	9.65
15/11/2012	32.5	21	26.75	0	14.67
16/11/2012	34	21.2	27.6	0	9.01
17/11/2012	30.2	22.9	26.55	2	11.07
18/11/2012	32.1	21.5	26.8	0	11.42
19/11/2012	33.7	20.3	27	0	10.09
20/11/2012	34.3	21.2	27.75	0	6.04
21/11/2012	36.4	22.6	29.5	3.8	9.52
22/11/2012	35.4	22.1	28.75	0	14.82
23/11/2012	34.8	22.4	28.6	0.2	15.81
24/11/2012	31.4	23.5	27.45	2.3	6.56
25/11/2012	32.4	22	27.2	4.1	8.07
26/11/2012	31.5	22.8	27.15	0.2	12.94
27/11/2012	32	22.8	27.4	4.8	12.77
28/11/2012	31.4	21.1	26.25	1.9	5.46
29/11/2012	30.5	23	26.75	0	7.02
30/11/2012	32.6	23.6	28.1	0	12.12
01/12/2012	34.4	23	28.7	0	7.62
02/12/2012	34	22.6	28.3	0	10.83
03/12/2012	30.3	22.6	26.45	0	12.84
04/12/2012	31.5	23.5	27.5	0	10.08
05/12/2012	33.1	21.5	27.3	0	11.99
06/12/2012	30.3	22.2	26.25	0	7.31
07/12/2012	31.3	20	25.65	0	8.55
08/12/2012	30.4	20.5	25.45	0	10.88
09/12/2012	31.5	20.5	26	0	11.13
10/12/2012	31.7	19.8	25.75	3.4	11.49
11/12/2012	31.9	20	25.95	25.6	10.85
12/12/2012	30	21.6	25.8	0	11.75
13/12/2012	30.8	19.5	25.15	0	15.9
14/12/2012	31.7	19.1	25.4	0	13.92
15/12/2012	32.3	18.5	25.4	0	13.06
16/12/2012	32.6	17.9	25.25	0	11.39
17/12/2012	32.5	18	25.25	0	14.72
18/12/2012	33	17.5	25.25	0	13.92
19/12/2012	31.5	18.6	25.05	0	15.33
20/12/2012	33	17.9	25.45	0	14.54
21/12/2012	32.7	17.6	25.15	0	15.85
22/12/2012	32.7	17.5	25.1	0	15.02
23/12/2012	28.7	20	24.35	0	13.3
24/12/2012	28	15.1	21.55	0	16.24
25/12/2012	28.1	17.2	22.65	0	15.69
26/12/2012	27.9	17.9	22.9	0	15.22
27/12/2012	32.1	19	25.55	0	15.37
28/12/2012	32.8	18.5	25.65	0	14.91
29/12/2012	33.4	17.4	25.4	0	15.86
30/12/2012	30.2	18.6	24.4	0	14.91
31/12/2012	26.1	14.6	20.35	0	15.37
01/01/2013	27	13	20	0	15.72
02/01/2013	31	15.3	23.15	0	16.44
03/01/2013	31.8	16.8	24.3	0	16.15
04/01/2013	30	17	23.5	0	9.99
05/01/2013	30.6	15.3	22.95	0	15.89
06/01/2013	30.2	15.8	23	0	14.34
07/01/2013	30	14.4	22.2	0	15.87
08/01/2013	31.7	16.5	24.1	0	14.87
09/01/2013	31.7	16.7	24.2	0	12.55
10/01/2013	28.7	17.9	23.3	0	16.03
11/01/2013	28.7	18.6	23.65	0	14.4
12/01/2013	26.8	17.8	22.3	0	14.71
13/01/2013	29.9	16.6	23.25	0	15.25
14/01/2013	30.7	16.6	23.65	0	17.75
15/01/2013	31	16.9	23.95	0	13.43
16/01/2013	30.9	18.9	24.9	0	13.76
17/01/2013	30.5	19	24.75	0	16.82
18/01/2013	28.6	17.6	23.1	0	17.57
19/01/2013	29.4	15.5	22.45	0	16.27
20/01/2013	31.2	13.5	22.35	0	15.63
21/01/2013	31.8	13.8	22.8	0	14.32
22/01/2013	33	15	24	0	13.21
23/01/2013	32.5	17.2	24.85	0	10.36
24/01/2013	33	19.9	26.45	0	13.87
25/01/2013	30.1	20	25.05	0	12.33
26/01/2013	31.8	19.2	25.5	0	9.87
27/01/2013	27.5	21	24.25	2.8	12.61
28/01/2013	24.5	19.5	22	1	7.75
29/01/2013	29.6	20.3	24.95	0	11.49
30/01/2013	31.3	18.8	25.05	0	0
31/01/2013	23.2	21.4	22.3	7.2	0
01/02/2013	29.3	19	24.15	0	0
02/02/2013	29.3	18.9	24.1	0	6.64
03/02/2013	31.1	18.2	24.65	0	10.29
04/02/2013	33.4	20	26.7	0	15.66
05/02/2013	34.5	18.6	26.55	0	11.22
06/02/2013	35.4	19.4	27.4	0	16.69
07/02/2013	37	18.6	27.8	0	16.73
08/02/2013	37.3	17.6	27.45	0	12.87
09/02/2013	33	19.4	26.2	0	0
10/02/2013	33.5	21.4	27.45	0	0
11/02/2013	34.3	19.2	26.75	0	0
12/02/2013	35.2	19.7	27.45	0	0
13/02/2013	33	18.9	25.95	0	0
14/02/2013	35.2	17.2	26.2	0	0
15/02/2013	36.8	17.6	27.2	0	0
16/02/2013	34.4	19.1	26.75	0	0
17/02/2013	35.6	18.8	27.2	0	0
18/02/2013	35.8	20.8	28.3	0	0
19/02/2013	35.2	22.5	28.85	0	0
20/02/2013	34.5	24.1	29.3	0	0
21/02/2013	33.2	21.5	27.35	0	0
22/02/2013	30	18	24	0	0
23/02/2013	32	19	25.5	0	16.57
24/02/2013	33	16.5	24.75	0	12.38
25/02/2013	34.9	17.5	26.2	0	16.44
26/02/2013	37.4	20.5	28.95	0	16.49
27/02/2013	38.5	21.5	30	0	18.22
28/02/2013	37.4	23	30.2	0	18.78
01/03/2013	38.3	22	30.15	0	17.48
02/03/2013	37.5	24.2	30.85	0	16.07
03/03/2013	28	25	26.5	4	7.46
04/03/2013	22	20.1	21.05	2	3.87
05/03/2013	29.8	18.8	24.3	0	14.01
06/03/2013	32.1	17.5	24.8	0	18.63
07/03/2013	33.4	18	25.7	0	17.62
08/03/2013	34.2	18.8	26.5	0	11.09
09/03/2013	34.4	20	27.2	0	16.21
10/03/2013	36.4	19	27.7	0	18.51
11/03/2013	37.3	18.4	27.85	0	18.66
12/03/2013	36.8	20.5	28.65	0	19.8
13/03/2013	37.1	16.6	26.85	0	17.42
14/03/2013	37.7	18.8	28.25	0	20.04
15/03/2013	33.4	21.4	27.4	0	11.88
16/03/2013	37.4	23	30.2	0	16.03
17/03/2013	38.5	22.5	30.5	0	19.44
18/03/2013	38.5	21.5	30	0	17.57
19/03/2013	38.6	20.6	29.6	0	16.7
20/03/2013	38.8	20	29.4	0	19.64
21/03/2013	38.2	18.1	28.15	0	16.59
22/03/2013	38.9	20.6	29.75	0	21.06
23/03/2013	37.5	22.5	30	0	22.2
24/03/2013	39.8	19	29.4	0	20.07
25/03/2013	40	18	29	0	21.16
26/03/2013	39.8	18.8	29.3	0	20.91
27/03/2013	40.5	19	29.75	0	21.73
28/03/2013	40	20.5	30.25	0	20.22
29/03/2013	41	22.3	31.65	0	19.93
30/03/2013	40.3	23.5	31.9	0	17.43
31/03/2013	40.4	24	32.2	0	22.7
01/04/2013	37.5	24.2	30.85	0	22.14
02/04/2013	38.7	23	30.85	14.4	20.47
03/04/2013	39.8	22.8	31.3	0	17.29
04/04/2013	41	22	31.5	0	19.56
05/04/2013	41.2	22.6	31.9	0	19.87
06/04/2013	39.4	23.5	31.45	0	15.23
07/04/2013	34.5	25	29.75	0	17.68
08/04/2013	37.7	21.8	29.75	0	13.65
09/04/2013	39.2	21.9	30.55	0	21.04
10/04/2013	39.5	21.3	30.4	0	16.67
11/04/2013	35.5	26.4	30.95	0	8.79
12/04/2013	36.4	25.5	30.95	0	5.75
13/04/2013	36	23.8	29.9	0	19.7
14/04/2013	38.4	23.5	30.95	0	15.9
15/04/2013	35.2	24.5	29.85	3.8	11.21
16/04/2013	33.8	23.4	28.6	0	15.78
17/04/2013	36.7	23.3	30	0	8.4
18/04/2013	37.6	22.5	30.05	0	18.1
19/04/2013	39.2	22.6	30.9	0	22.07
20/04/2013	40.8	25	32.9	0	18.61
21/04/2013	34.6	25	29.8	32.4	21.1
22/04/2013	34.8	23	28.9	1.6	18.92
23/04/2013	33.6	25.4	29.5	0.4	12.85
24/04/2013	36.3	24.6	30.45	57	15.16
25/04/2013	35.3	21.5	28.4	0	23.23
26/04/2013	36.9	24.6	30.75	0	20.83
27/04/2013	34.1	23.3	28.7	0	18.41
28/04/2013	37.5	23.4	30.45	0	10.39
29/04/2013	38	23.6	30.8	0	22.19
30/04/2013	37.9	24.5	31.2	0	19.7
01/05/2013	39	24.6	31.8	0	22.53
02/05/2013	37.6	24.5	31.05	8.8	22.15
03/05/2013	35.5	21.5	28.5	0.9	21.31
04/05/2013	35.4	22	28.7	3.4	21.55
05/05/2013	33.3	22.8	28.05	0	15.35
06/05/2013	35.9	22	28.95	0	18.73
07/05/2013	34.6	23.7	29.15	3.8	20.58
08/05/2013	36.3	24.5	30.4	5.2	21.8
09/05/2013	36.5	23.3	29.9	4.1	18.51
10/05/2013	35	23.6	29.3	11	20.41
11/05/2013	35.3	22.7	29	0	20.53
12/05/2013	33.7	23.5	28.6	0	17.79
13/05/2013	37.3	25	31.15	0	10.18
14/05/2013	38.7	25.5	32.1	0	21.36
15/05/2013	39.3	26.6	32.95	0	22.14
16/05/2013	40.7	26	33.35	0	22.41
17/05/2013	39	27	33	0	20.71
18/05/2013	37.5	26	31.75	4.1	6.58
19/05/2013	36.2	23.8	30	1.7	16.85
20/05/2013	34.4	24	29.2	1.9	20.34
21/05/2013	34	24	29	1.3	15.54
22/05/2013	35.6	24.5	30.05	26.4	17.66
23/05/2013	28	24.4	26.2	29.4	18.01
24/05/2013	34	22.5	28.25	4.6	17.91
25/05/2013	34.7	24.4	29.55	0	11.56
26/05/2013	34.5	25	29.75	0	19.85
27/05/2013	35.5	25.5	30.5	0	20.06
28/05/2013	36.5	24.3	30.4	0	22.38
29/05/2013	35.5	24.7	30.1	13.2	21.5
30/05/2013	32.6	23.6	28.1	0	10.34
31/05/2013	34.9	22.7	28.8	2.8	13.12
01/06/2013	36.2	24.5	30.35	0	21.47
02/06/2013	34.5	24.4	29.45	0	15.96
03/06/2013	34	24.3	29.15	15.8	10.03
04/06/2013	32	24	28	43.2	5.63
05/06/2013	29.6	24	26.8	23.4	10.11
06/06/2013	32.2	23.1	27.65	0	16.43
07/06/2013	34.9	24.2	29.55	4.8	15.53
08/06/2013	34.1	24	29.05	0	15.99
09/06/2013	35	24.5	29.75	0	21.4
10/06/2013	35.4	24.6	30	25	15.52
11/06/2013	28.2	23	25.6	6	9.93
12/06/2013	29.3	22.6	25.95	0	9.4
13/06/2013	31.5	24.2	27.85	0	4.87
14/06/2013	35	23.2	29.1	0	14.29
15/06/2013	35	22.5	28.75	0	14.05
16/06/2013	35.3	24	29.65	0	14.67
17/06/2013	36	24	30	0	16.12
18/06/2013	35.5	25.5	30.5	21.2	14.36
19/06/2013	34	24.4	29.2	2.4	18.93
20/06/2013	32.4	25	28.7	17	16.69
21/06/2013	32.2	25	28.6	6	6.41
22/06/2013	33.2	24	28.6	0	10.29
23/06/2013	28.4	26	27.2	11.2	6.84
24/06/2013	29.2	23.2	26.2	2.8	14.97
25/06/2013	28.7	24.5	26.6	1.6	10.18
26/06/2013	29.2	24.5	26.85	1.2	3.96
27/06/2013	33.2	24.2	28.7	0	16.84
28/06/2013	34	24.5	29.25	0	21.75
29/06/2013	35.2	23.7	29.45	0	17.48
30/06/2013	35.2	24.9	30.05	0	17.77
01/07/2013	36.5	24.3	30.4	0	21.1
02/07/2013	35.1	25	30.05	0	21.37
03/07/2013	34.4	25.2	29.8	80.8	19.41
04/07/2013	33.6	22.8	28.2	34.2	14.01
05/07/2013	34.5	22.9	28.7	0	11.82
06/07/2013	34.3	24	29.15	0	7.66
07/07/2013	33.4	24	28.7	0	11.31
08/07/2013	28	24.8	26.4	20.8	8.04
09/07/2013	31.8	23.6	27.7	22.8	8.14
10/07/2013	29.6	23.3	26.45	4.6	11.18
11/07/2013	31.3	23.6	27.45	27.6	15.52
12/07/2013	31.5	23.5	27.5	0	14.76
13/07/2013	33.5	23.2	28.35	0	20.08
14/07/2013	33.7	25.5	29.6	1.3	16.04
15/07/2013	32.3	24.5	28.4	18.2	14.91
16/07/2013	32	24.6	28.3	6.8	10.14
17/07/2013	32.2	23.8	28	0	15.4
18/07/2013	33.2	24.4	28.8	0.5	16.3
19/07/2013	31.7	24.5	28.1	6.8	8.43
20/07/2013	33.3	24.6	28.95	0.8	11.52
21/07/2013	31.2	24.8	28	18.6	13.87
22/07/2013	31.5	24	27.75	7.4	5.67
23/07/2013	30	23.8	26.9	22.6	7.17
24/07/2013	31	24.2	27.6	36.6	7.45
25/07/2013	31.5	23	27.25	0.8	8.61
26/07/2013	31.7	24.5	28.1	2.2	12.31
27/07/2013	30.3	24.2	27.25	5.4	12.45
28/07/2013	28.8	24.7	26.75	22.8	6.16
29/07/2013	26.2	22.8	24.5	3	10.7
30/07/2013	32	23.1	27.55	20.6	7.13
31/07/2013	30.2	23.3	26.75	7.4	11.92
01/08/2013	33.6	24	28.8	0.2	16.63
02/08/2013	33	24.5	28.75	0	15.09
03/08/2013	31.8	24.4	28.1	0	19.06
04/08/2013	32	24.3	28.15	0	16.65
05/08/2013	33	24.7	28.85	3.5	14.32
06/08/2013	35.3	25	30.15	12.8	18.67
07/08/2013	32.6	24.5	28.55	1.4	17.24
08/08/2013	30.5	24.5	27.5	0.6	16
09/08/2013	31.6	24	27.8	23	10.45
10/08/2013	31.7	24.3	28	84.8	16.44
11/08/2013	30.1	23	26.55	0	15.19
12/08/2013	33.8	23	28.4	0	13.34
13/08/2013	34	23.4	28.7	0	17.42
14/08/2013	33.3	23.7	28.5	0	14.92
15/08/2013	32.5	23.9	28.2	2.4	13.71
16/08/2013	32.8	24.5	28.65	0	12.19
17/08/2013	32.2	24.5	28.35	0	13.82
18/08/2013	32.5	26	29.25	0	12.04
19/08/2013	35	25	30	0	18.38
20/08/2013	32.8	26.6	29.7	0	10.35
21/08/2013	30.4	26.9	28.65	9.6	11.29
22/08/2013	26.5	23.6	25.05	8.2	6.11
23/08/2013	31	23.5	27.25	0	15.06
24/08/2013	30.6	23.2	26.9	0	13.92
25/08/2013	30.3	24.4	27.35	0	13.89
26/08/2013	32.5	24.3	28.4	13.6	15.95
27/08/2013	33.3	23.3	28.3	0	17.34
28/08/2013	35	23.5	29.25	0	11.66
29/08/2013	33.8	23	28.4	6.2	19.16
30/08/2013	33.4	24.5	28.95	54.4	15.21
31/08/2013	31.3	23	27.15	6.4	13.95
01/09/2013	32.7	24.3	28.5	0	19.55
02/09/2013	32.2	24.3	28.25	0	18.58
03/09/2013	34.3	25	29.65	0	20.19
04/09/2013	32.5	24.3	28.4	1.4	16.57
05/09/2013	28.5	24.9	26.7	107.2	9.04
06/09/2013	30.2	22.4	26.3	18.6	12.82
07/09/2013	31.5	23.6	27.55	0.2	7.34
08/09/2013	30.8	23.6	27.2	29.6	6.11
09/09/2013	31.7	23.6	27.65	10	13.93
10/09/2013	33.2	23.4	28.3	0	10.52
11/09/2013	32.3	24.8	28.55	34	17.33
12/09/2013	29.4	23.4	26.4	14.4	5.58
13/09/2013	29	23.8	26.4	4.8	4.23
14/09/2013	32.7	23.8	28.25	25.4	7.45
15/09/2013	30.6	23.4	27	5.8	8.21
16/09/2013	32.2	23.7	27.95	16.8	14.69
17/09/2013	32.5	23.7	28.1	8.2	13.14
18/09/2013	32.3	24	28.15	0	9.21
19/09/2013	29.9	23.3	26.6	1.2	4.88
20/09/2013	28.8	23.3	26.05	4.4	3.14
21/09/2013	30.8	24	27.4	4	13.22
22/09/2013	32	23.4	27.7	0	12.6
23/09/2013	34	23.4	28.7	0	7.85
24/09/2013	33.3	23.4	28.35	0	15.4
25/09/2013	30.8	23.4	27.1	0	13.4
26/09/2013	29.8	23.4	26.6	13.8	11.92
27/09/2013	28.5	23	25.75	21.8	14.07
28/09/2013	30	22.4	26.2	0.4	14.62
29/09/2013	31.8	22.4	27.1	0	8.21
30/09/2013	31.5	23.1	27.3	11.2	14.66
01/10/2013	28	21.6	24.8	8.6	10.68
02/10/2013	30.2	23.2	26.7	19.6	13.73
03/10/2013	31	23.1	27.05	0	10.4
04/10/2013	32.6	23.2	27.9	0	11.8
05/10/2013	32.1	22.5	27.3	0	8.79
06/10/2013	32.1	21.2	26.65	0	7.22
07/10/2013	31.7	21	26.35	0	10.32
08/10/2013	32.4	21.5	26.95	0	15.69
09/10/2013	32.2	19.6	25.9	0	12.42
10/10/2013	32.4	19.8	26.1	0	6.81
11/10/2013	32.4	21.4	26.9	0	7.39
12/10/2013	33	21.5	27.25	0	13.39
13/10/2013	33.2	21.5	27.35	0	15.19
14/10/2013	32.7	22.2	27.45	0	14.66
15/10/2013	33.8	22.9	28.35	0	11.11
16/10/2013	27.5	24.4	25.95	35.8	1.89
17/10/2013	24.8	22	23.4	58	4.64
18/10/2013	30.3	22.5	26.4	24.6	14.13
19/10/2013	29	23.2	26.1	0	10.23
20/10/2013	30.2	23	26.6	0	11.69
21/10/2013	30.6	22	26.3	0	16.65
22/10/2013	31.2	22	26.6	0	17.54
23/10/2013	31	22	26.5	0	16.67
24/10/2013	29.3	21.5	25.4	5.2	16.69
25/10/2013	21.4	20	20.7	1.6	16.77
26/10/2013	29.4	19.4	24.4	0	17.96
27/10/2013	29.3	17	23.15	0	15.53
28/10/2013	29.6	18	23.8	0	17.25
29/10/2013	30.7	19.5	25.1	0	10.76
30/10/2013	32	20.5	26.25	0	15.54
31/10/2013	33	20.7	26.85	0	17.71
01/11/2013	32.6	21.6	27.1	0	17.29
02/11/2013	32.5	21	26.75	0	18.27
03/11/2013	32.5	20.4	26.45	0	19.25
04/11/2013	30.8	19.5	25.15	0	19.07
05/11/2013	30.9	17.2	24.05	0	18.45
06/11/2013	31.2	18.9	25.05	0	16.33
07/11/2013	30.8	21	25.9	0	8.57
08/11/2013	30	22.4	26.2	0	2.96
09/11/2013	32	22	27	0	11.21
10/11/2013	31.4	19.8	25.6	0	16.98
11/11/2013	34.6	21	27.8	0	11.79
12/11/2013	33.6	21.3	27.45	0	12.76
13/11/2013	32.9	22.5	27.7	4.4	8.65
14/11/2013	31	23	27	0	12.64
15/11/2013	30.5	19.5	25	0.6	15.42
16/11/2013	26.3	19.2	22.75	0.2	6.48
17/11/2013	30.7	21	25.85	0	14.26
18/11/2013	29.3	22.5	25.9	0	15.26
19/11/2013	29.5	22	25.75	0	13.94
20/11/2013	28.7	20.6	24.65	0	14.37
21/11/2013	28.3	19.8	24.05	0	14.46
22/11/2013	30	20.6	25.3	0	13.5
23/11/2013	32	19.6	25.8	0	12.13
24/11/2013	32.7	19.4	26.05	0	5.57
25/11/2013	32	22.5	27.25	0	8.68
26/11/2013	31.5	22.6	27.05	0	9.88
27/11/2013	31.9	20.6	26.25	0	13.63
28/11/2013	30.5	20.9	25.7	0	15.15
29/11/2013	27.5	17.5	22.5	0	16.56
30/11/2013	28.1	15.2	21.65	0	15.02
01/12/2013	27.5	18.2	22.85	0	16.98
02/12/2013	27.5	14.5	21	0	16.68
03/12/2013	28	13.4	20.7	0	15.95
04/12/2013	28.1	13.5	20.8	0	16.33
05/12/2013	29.3	13.8	21.55	0	14.5
06/12/2013	28.4	15	21.7	0	16.02
07/12/2013	27.5	13.4	20.45	0	16.13
08/12/2013	27.9	13.4	20.65	0	15.53
09/12/2013	29.2	13.9	21.55	0	14.19
10/12/2013	29.5	14.5	22	0	14.91
11/12/2013	29.5	15	22.25	0	14
12/12/2013	29.7	16.7	23.2	0	14.7
13/12/2013	31	17.5	24.25	0	13.91
14/12/2013	29.8	18.9	24.35	0	13.43
15/12/2013	30.9	19.5	25.2	20.8	11.53
16/12/2013	22.4	20.5	21.45	5.6	11.23
17/12/2013	23	14.7	18.85	0	15.29
18/12/2013	24.5	13.4	18.95	0	14.47
19/12/2013	22.7	12.5	17.6	0	14.52
20/12/2013	23.8	9	16.4	0	16.14
21/12/2013	23.2	9.7	16.45	0	15.89
22/12/2013	24.2	8.4	16.3	0	15.68
23/12/2013	25.8	11	18.4	0	15.68
24/12/2013	25	11.4	18.2	0	13.52
25/12/2013	24.9	10	17.45	0	15.04
26/12/2013	25.6	10	17.8	0	15.82
27/12/2013	24.3	9	16.65	0	16.43
28/12/2013	23.5	8	15.75	0	16.19
29/12/2013	23.8	8.6	16.2	0	14.9
30/12/2013	25	8.8	16.9	0	13.48
31/12/2013	26	9.6	17.8	0	14.96
01/01/2014	27	10.5	18.75	0	15.78
02/01/2014	28.6	13	20.8	0	15.84
03/01/2014	31.2	13.5	22.35	0	14.69
04/01/2014	29.9	14.6	22.25	0	13.22
05/01/2014	28.7	14.8	21.75	0	15.73
06/01/2014	30.5	14.6	22.55	0	13.97
07/01/2014	31.7	14.9	23.3	0	12.44
08/01/2014	32.5	17	24.75	0	11.36
09/01/2014	29.8	16.2	23	0	16.26
10/01/2014	28.5	17.2	22.85	0	16.67
11/01/2014	30.2	14.5	22.35	0	16.99
12/01/2014	30.2	15.5	22.85	0	16.46
13/01/2014	28.7	15.5	22.1	0	17.33
14/01/2014	25.2	14	19.6	0	17.6
15/01/2014	25.4	10.7	18.05	0	18.04
16/01/2014	26.3	9	17.65	0	17.05
17/01/2014	27.2	9.3	18.25	0	16.98
18/01/2014	25.2	14.1	19.65	0	16.72
19/01/2014	25.1	10.9	18	0	15.98
20/01/2014	25.9	8.6	17.25	0	16.01
21/01/2014	24.5	9.4	16.95	0	17.18
22/01/2014	24.3	8.7	16.5	0	17.09
23/01/2014	24.5	5.5	15	0	15.49
24/01/2014	27.5	6	16.75	0	16.42
25/01/2014	29.8	7.5	18.65	0	16.13
26/01/2014	29.6	10	19.8	0	14.74
27/01/2014	29.9	10.8	20.35	0	15.43
28/01/2014	30.6	11.5	21.05	0	17.05
29/01/2014	31	12	21.5	0	16.42
30/01/2014	30	13.7	21.85	0	17.29
31/01/2014	31.3	13.5	22.4	0	18.41
01/02/2014	32.8	14.2	23.5	0	16.71
02/02/2014	35.1	14.4	24.75	0	17.48
03/02/2014	34.5	16.5	25.5	0	16.38
04/02/2014	34.7	16.5	25.6	0	15.91
05/02/2014	34.4	16.5	25.45	0	14.42
06/02/2014	35.2	16.2	25.7	0	17.33
07/02/2014	35.3	16.3	25.8	0	15.14
08/02/2014	34.3	16.2	25.25	0	14.86
09/02/2014	34.4	15.9	25.15	0	19.59
10/02/2014	34.5	15	24.75	0	14.42
11/02/2014	29.5	18	23.75	0	19.66
12/02/2014	30.6	16.8	23.7	0	15.61
13/02/2014	32.5	18	25.25	0	16.25
14/02/2014	29.2	18.7	23.95	0	18.04
15/02/2014	30.2	16.5	23.35	0	13.63
16/02/2014	33	17.6	25.3	0	14.28
17/02/2014	34.5	20.5	27.5	0	15.52
18/02/2014	35.8	22.5	29.15	0	16.04
19/02/2014	31	19.8	25.4	0	15.54
20/02/2014	25.5	18	21.75	0	11.56
21/02/2014	30.1	14.2	22.15	0	8.08
22/02/2014	33.4	15.6	24.5	0	16.34
23/02/2014	35.2	17.2	26.2	0	15.92
24/02/2014	34.7	18.2	26.45	0.2	17.75
25/02/2014	36	19.6	27.8	0	16.58
26/02/2014	36.9	19.6	28.25	0	14.28
27/02/2014	35.9	20.2	28.05	0	14.8
28/02/2014	36.7	21.4	29.05	0	17.41
01/03/2014	37.2	20.7	28.95	0	15.57
02/03/2014	38	20.6	29.3	0	19.25
03/03/2014	38.8	20	29.4	0	17.03
04/03/2014	38.8	18	28.4	0	16.82
05/03/2014	38.2	18	28.1	0	16.98
06/03/2014	37.5	17.5	27.5	0	19
07/03/2014	36.7	17	26.85	0	17
08/03/2014	36.5	18.6	27.55	0	19.62
09/03/2014	37	19.4	28.2	0	18.21
10/03/2014	34.3	21.5	27.9	0.2	13.49
11/03/2014	34.2	21.2	27.7	0	18.26
12/03/2014	37.5	21.3	29.4	0	17.76
13/03/2014	38.9	20.5	29.7	0	17.81
14/03/2014	37.6	20.2	28.9	6.8	20.61
15/03/2014	32.3	22.7	27.5	0	15.79
16/03/2014	35	21.2	28.1	0.4	14.26
17/03/2014	32.5	21.7	27.1	0	16.3
18/03/2014	38.3	21	29.65	0	19.57
19/03/2014	39.6	22.6	31.1	0	16.16
20/03/2014	37.9	22	29.95	0.8	15.9
21/03/2014	35	19.2	27.1	0.8	17.28
22/03/2014	24.7	21	22.85	0	7.41
23/03/2014	30.5	20.5	25.5	0	17.8
24/03/2014	32	20	26	3.5	13.52
25/03/2014	34	20.5	27.25	0.2	14.2
26/03/2014	36.5	20.4	28.45	0	18.75
27/03/2014	37.7	21	29.35	0	20.25
28/03/2014	39.5	22.4	30.95	0	16.18
29/03/2014	40	20	30	0	19.09
30/03/2014	39.7	21	30.35	0	21
31/03/2014	41	21.7	31.35	0	21.08
01/04/2014	41	20.3	30.65	0	18.17
02/04/2014	39.7	22	30.85	0	17.08
03/04/2014	39	22.5	30.75	17.6	18.33
04/04/2014	31	22	26.5	3.2	18.44
05/04/2014	32.6	20.3	26.45	0	16.08
06/04/2014	35.1	22.5	28.8	8.2	17.08
07/04/2014	33.8	20.8	27.3	0	20.75
08/04/2014	35.8	21	28.4	0	21.16
09/04/2014	36.7	21	28.85	0	0
10/04/2014	35.1	23.6	29.35	0	0
11/04/2014	37.5	23.5	30.5	0	0
12/04/2014	36.5	23.5	30	0	0
13/04/2014	37	23.5	30.25	0	0
14/04/2014	35.5	24	29.75	0	0
15/04/2014	33.7	24.7	29.2	0.2	0
16/04/2014	36.5	21.5	29	0	0
17/04/2014	36.6	24	30.3	0	0
18/04/2014	38	22.6	30.3	0	0
19/04/2014	39.3	24.7	32	0	0
20/04/2014	39.2	24.5	31.85	18.8	0
21/04/2014	35	22.6	28.8	0	0
22/04/2014	37.2	24	30.6	0	21.85
23/04/2014	38.9	24.7	31.8	0	16.82
24/04/2014	38.2	25.8	32	0	18.25
25/04/2014	37	25.5	31.25	0	21.46
26/04/2014	38	23.8	30.9	0	23.99
27/04/2014	38.4	24.5	31.45	2.4	22.82
28/04/2014	31.7	23.5	27.6	9.2	13.69
29/04/2014	31.1	21.4	26.25	0.8	9.73
30/04/2014	33.5	23.5	28.5	2.4	16.71
01/05/2014	33.7	22.3	28	0.2	20.62
02/05/2014	33.8	22.5	28.15	67.7	16.13
03/05/2014	27.3	22.2	24.75	2	21.75
04/05/2014	34.2	22.5	28.35	0	13.2
05/05/2014	35.2	22.4	28.8	0	8.63
06/05/2014	30.2	24	27.1	0	11.83
07/05/2014	34.6	24.2	29.4	3.6	10.69
08/05/2014	34.2	23.5	28.85	5	22.32
09/05/2014	34.7	24.2	29.45	0.2	20.63
10/05/2014	36.6	24	30.3	0	14.69
11/05/2014	37.5	24.6	31.05	0	21.88
12/05/2014	38.4	25	31.7	5.8	22.38
13/05/2014	36.8	24.5	30.65	7.6	20.11
14/05/2014	35.2	23.4	29.3	0	21.36
15/05/2014	36.5	25.2	30.85	0	22.78
16/05/2014	35.6	24.2	29.9	10.8	19.29
17/05/2014	35.4	23.8	29.6	1	17.98
18/05/2014	33.9	24.7	29.3	0.2	7.87
19/05/2014	34.5	24	29.25	0	11.59
20/05/2014	35.5	24.1	29.8	0	21.18
21/05/2014	35.5	25	30.25	0	22.59
22/05/2014	36.7	25.5	31.1	0	22.79
23/05/2014	37.1	24.5	30.8	0	20.64
24/05/2014	38.3	24.8	31.55	0	22.55
25/05/2014	39.1	24.8	31.95	10	16.55
26/05/2014	35.6	24.8	30.2	5.8	16.4
27/05/2014	35.6	25.4	30.5	7.2	13.29
28/05/2014	35.3	23.5	29.4	43.6	21.04
29/05/2014	33.2	24	28.6	2.1	19.2
30/05/2014	35.3	23.6	29.45	0	20.96
31/05/2014	32.2	24.5	28.35	5	16.05
01/06/2014	34	24.2	29.1	19.7	17.18
02/06/2014	34	23.5	28.75	0.4	21.83
03/06/2014	35.7	23.6	29.65	19.4	20.73
04/06/2014	36.6	24.2	30.4	0	19.7
05/06/2014	35.5	25.2	30.35	0	10.87
06/06/2014	34.5	25.2	29.85	31	16.99
07/06/2014	33	23.7	28.35	2.2	17.13
08/06/2014	34.8	25	29.9	4.8	19.29
09/06/2014	33	24	28.5	0	18.19
10/06/2014	33.8	25.5	29.65	2	11.49
11/06/2014	33.1	25.7	29.4	0	12.09
12/06/2014	33.5	23.8	28.65	0	11.37
13/06/2014	32	25.3	28.65	41.4	14.38
14/06/2014	32.8	24.7	28.75	6	13.77
15/06/2014	33.7	24	28.85	0	15.04
16/06/2014	33.2	24.8	29	0.6	11
17/06/2014	33.3	25.2	29.25	0	11.97
18/06/2014	32.4	24.5	28.45	1.2	12.99
19/06/2014	30.7	24.5	27.6	1.2	15.75
20/06/2014	34	24.4	29.2	0	16.77
21/06/2014	35	24.4	29.7	0	11.11
22/06/2014	33.7	27.5	30.6	0	12.59
23/06/2014	32.8	26.9	29.85	0	13.85
24/06/2014	34.1	25	29.55	0.6	16.99
25/06/2014	33.6	24.6	29.1	0	6.52
26/06/2014	32.2	24	28.1	0	6.52
27/06/2014	35	24.3	29.65	8.8	18.75
28/06/2014	35.4	24.4	29.9	0	16.64
29/06/2014	34.8	26.6	30.7	13.2	17.07
30/06/2014	29.3	23.7	26.5	34.4	10.69
01/07/2014	31.3	23.3	27.3	4.8	17.67
02/07/2014	33	24.1	28.55	0	17.01
03/07/2014	35	25	30	0	16.22
04/07/2014	36	24.3	30.15	0	19.31
05/07/2014	35.5	24.5	30	0	20.14
06/07/2014	36	25	30.5	0	20.61
07/07/2014	32.5	26.5	29.5	0	15.63
08/07/2014	34.3	25.5	29.9	0	11.89
09/07/2014	32	25.5	28.75	6	13.66
10/07/2014	33	24.5	28.75	20	13.53
11/07/2014	32.4	24.1	28.25	0	16.36
12/07/2014	31.2	25.7	28.45	65.8	18.47
13/07/2014	30.5	23.4	26.95	11.6	13.51
14/07/2014	28.9	24.5	26.7	2	10.94
15/07/2014	31.7	24	27.85	0	16.04
16/07/2014	32	24.5	28.25	10	13.3
17/07/2014	33.5	24.9	29.2	0.8	18.37
18/07/2014	33.4	24.7	29.05	0.4	10.44
19/07/2014	30	24.6	27.3	1.8	6.77
20/07/2014	29	23.5	26.25	0.6	15.28
21/07/2014	28.5	23.7	26.1	2.4	9.86
22/07/2014	32	24.1	28.05	0	13.94
23/07/2014	33.3	24.5	28.9	3.6	17.14
24/07/2014	34.2	24	29.1	0.2	16.38
25/07/2014	32.5	25.2	28.85	0	13.38
26/07/2014	32.7	24.5	28.6	41.8	18.73
27/07/2014	31	23.9	27.45	71	16.55
28/07/2014	31	23.3	27.15	0.2	3.76
29/07/2014	33	24.5	28.75	0	12.27
30/07/2014	34	24.6	29.3	0	10.88
31/07/2014	33.9	25.8	29.85	0	12.79
01/08/2014	34.5	24.8	29.65	0	11.75
02/08/2014	34.5	24.5	29.5	0	11.29
03/08/2014	32.6	25	28.8	0	11.44
04/08/2014	32.5	25.5	29	0	11.97
05/08/2014	29.1	25.5	27.3	4.2	7.41
06/08/2014	31.5	24.3	27.9	0	13.5
07/08/2014	32.3	24.4	28.35	1.1	12.68
08/08/2014	32.6	23.8	28.2	0	18.45
09/08/2014	32.3	24.5	28.4	1	15.2
10/08/2014	31.8	23.5	27.65	0	16.44
11/08/2014	34	24.4	29.2	0	18.32
12/08/2014	34.6	25.5	30.05	0	19.46
13/08/2014	33.8	25	29.4	0	17.1
14/08/2014	31.7	24.5	28.1	3.6	10.03
15/08/2014	33	24	28.5	6	16.56
16/08/2014	29.4	23.4	26.4	1.8	11.4
17/08/2014	34	22.7	28.35	0	12.95
18/08/2014	34.8	24.2	29.5	1.2	15.55
19/08/2014	32.7	24	28.35	0	15.17
20/08/2014	31.8	23.7	27.75	2.8	14.5
21/08/2014	32	23.1	27.55	17.4	12.2
22/08/2014	30	23.3	26.65	1.4	13.39
23/08/2014	32.8	23.6	28.2	0	8.44
24/08/2014	33.5	23	28.25	9.6	21.9
25/08/2014	34.5	24.5	29.5	11.2	13.64
26/08/2014	32.2	23.2	27.7	0.8	14.66
27/08/2014	32	22.5	27.25	1.8	14.87
28/08/2014	32.6	24	28.3	0.2	14.66
29/08/2014	31	24.5	27.75	34	14.58
30/08/2014	29.3	23.5	26.4	3.4	8.99
31/08/2014	32.5	23.5	28	0	8.96
01/09/2014	32.7	23.5	28.1	2.6	12.58
02/09/2014	28.3	24	26.15	4.4	15.26
03/09/2014	31.5	23.6	27.55	5	13.99
04/09/2014	30.8	23.8	27.3	6.2	16.05
05/09/2014	32.8	24.3	28.55	2.4	13.58
06/09/2014	32.9	24	28.45	0.6	13.05
07/09/2014	34.3	23.8	29.05	0	10.7
08/09/2014	34	23.1	28.55	0	17.21
09/09/2014	33.5	23.5	28.5	0	17.77
10/09/2014	35	24.4	29.7	0	14.87
11/09/2014	34	24.2	29.1	0	8.67
12/09/2014	33.2	23.3	28.25	0	13.83
13/09/2014	32.3	24	28.15	0	13.39
14/09/2014	34.3	24.2	29.25	0	19.44
15/09/2014	35.6	23.5	29.55	10.2	15.82
16/09/2014	33.5	23	28.25	0	13.45
17/09/2014	31.7	25	28.35	0	14.11
18/09/2014	31.7	24.5	28.1	0	11.54
19/09/2014	33.3	24.1	28.7	0	20.41
20/09/2014	33.8	24.2	29	0	2.28
21/09/2014	33	25	29	9.5	18.29
22/09/2014	29.1	23.5	26.3	0.2	14.24
23/09/2014	31	24	27.5	9.9	17.75
24/09/2014	27.8	24	25.9	9	8.95
25/09/2014	25.7	23.3	24.5	1.6	11.26
26/09/2014	32.6	22.6	27.6	0	10.55
27/09/2014	33.3	23	28.15	0	14.21
28/09/2014	35	22.8	28.9	0	15.2
29/09/2014	32	24.2	28.1	2.4	16.98
30/09/2014	31.8	23.6	27.7	0	10.86
01/10/2014	31.6	23	27.3	12.6	16.79
02/10/2014	33	23.5	28.25	4.6	11.96
03/10/2014	34.3	22.6	28.45	0	13.07
04/10/2014	34	21.5	27.75	0	15.14
05/10/2014	33.9	22.5	28.2	0	12.66
06/10/2014	30.8	23.2	27	0.2	9.33
07/10/2014	31.4	22.2	26.8	0	8.95
08/10/2014	31.7	21	26.35	0	8.6
09/10/2014	32.5	20.8	26.65	0	11.02
10/10/2014	34.2	22.2	28.2	0	7
11/10/2014	32.5	22.4	27.45	1.6	12.24
12/10/2014	31	23.3	27.15	0	12.55
13/10/2014	31.7	20	25.85	0	18.5
14/10/2014	32.3	20.2	26.25	0	18.61
15/10/2014	30.8	20.3	25.55	0	18.79
16/10/2014	32	18.5	25.25	0	16.61
17/10/2014	32.7	20.4	26.55	0	14.85
18/10/2014	32.6	21.6	27.1	0	18.94
19/10/2014	31.4	21.2	26.3	0	12.88
20/10/2014	32.2	22.7	27.45	0	14.02
21/10/2014	33	22	27.5	0	8.99
22/10/2014	31	23.5	27.25	0.6	9.95
23/10/2014	31	23	27	112.4	10.7
24/10/2014	27	22	24.5	34.8	7.35
25/10/2014	32	21	26.5	0	13.42
26/10/2014	33.2	22.4	27.8	0	11.89
27/10/2014	33	22.5	27.75	0	12.89
28/10/2014	32.5	22.7	27.6	0.2	12.06
29/10/2014	27.8	23.7	25.75	22.4	11.19
30/10/2014	31	22.7	26.85	3.6	12.7
31/10/2014	33.3	22.5	27.9	0	14.29
01/11/2014	33.2	22.8	28	0	15.65
02/11/2014	33.8	22.7	28.25	0	12.67
03/11/2014	32.2	24	28.1	0	11.54
04/11/2014	31.7	22.1	26.9	0	6.76
05/11/2014	30.2	21	25.6	9.4	8.9
06/11/2014	30.8	22.5	26.65	0.4	14.03
07/11/2014	29.3	23.5	26.4	23.8	9.84
08/11/2014	33	22.5	27.75	0	14.85
09/11/2014	30.5	22.5	26.5	1.6	16.52
10/11/2014	33	22	27.5	0	17.31
11/11/2014	33	20.3	26.65	0	13.22
12/11/2014	33	21	27	0	16.66
13/11/2014	32.2	21.5	26.85	0	17.34
14/11/2014	30.2	21.8	26	0	13.36
15/11/2014	31.4	19.1	25.25	0	16.93
16/11/2014	31.6	20	25.8	0	17
17/11/2014	31.6	20	25.8	0	17.02
18/11/2014	29.3	20	24.65	0	17.66
19/11/2014	30	17.2	23.6	0	17.33
20/11/2014	29.1	16.1	22.6	0	16.26
21/11/2014	29.2	16.8	23	0	13.92
22/11/2014	31	17	24	0	16.43
23/11/2014	31.5	17.5	24.5	0	12.89
24/11/2014	31.3	16.8	24.05	0	12.94
25/11/2014	32	16.2	24.1	0	12.43
26/11/2014	32.2	18	25.1	0	11.73
27/11/2014	33.3	19.2	26.25	0	9.73
28/11/2014	33.8	21	27.4	0	7.14
29/11/2014	33.8	21.5	27.65	1	1.75
30/11/2014	33	19.5	26.25	0	9.29
01/12/2014	32.2	17.5	24.85	0	13.64
02/12/2014	26	22.2	24.1	0	5.62
03/12/2014	29.7	21	25.35	0	12.24
04/12/2014	30.3	20.5	25.4	0	7.67
05/12/2014	30	22.3	26.15	0	7.88
06/12/2014	30.6	19.3	24.95	0	12.4
07/12/2014	32.7	19	25.85	0	15.1
08/12/2014	30	20.4	25.2	0	16.74
09/12/2014	30.1	18.3	24.2	0	16.68
10/12/2014	30.3	16.5	23.4	0	16.66
11/12/2014	30.6	16.5	23.55	0	17.12
12/12/2014	26.7	16.4	21.55	0	15.65
13/12/2014	27.4	14.7	21.05	0	9.12
14/12/2014	28.7	14	21.35	0	16
15/12/2014	30	14.2	22.1	0	15.89
16/12/2014	27.1	15.6	21.35	0	14.52
17/12/2014	25.3	16.5	20.9	0	10.99
18/12/2014	26.3	12.8	19.55	0	15.61
19/12/2014	28.5	13.9	21.2	0	15.05
20/12/2014	28.3	13.8	21.05	0	15.45
21/12/2014	28.5	13.5	21	0	15.54
22/12/2014	26	11	18.5	0	13.73
23/12/2014	27	11	19	0	14.89
24/12/2014	28.7	11.8	20.25	0	14
25/12/2014	28.2	17	22.6	0	12.29
26/12/2014	31.9	18.2	25.05	0	15.3
27/12/2014	33	17.8	25.4	0	9.57
28/12/2014	31.6	18.6	25.1	0	15.23
29/12/2014	27.9	14.5	21.2	0	16.54
30/12/2014	29.5	13	21.25	0	15.55
31/12/2014	28.3	13	20.65	0	16.7
