Date	Tmax	Tmin	Tavg	Rain	I
01/01/2012	32	22.7	27.35	0	11.55
02/01/2012	32.5	25	28.75	0	13.63
03/01/2012	33	25	29	2.8	6.9
04/01/2012	33	24.5	28.75	0	11.8
05/01/2012	33.1	24.5	28.8	0	9.88
06/01/2012	33	23.2	28.1	0	13.47
07/01/2012	32.7	22.7	27.7	0	16.32
08/01/2012	32.5	20.7	26.6	0	16.63
09/01/2012	30	20.5	25.25	0	16.61
10/01/2012	31.3	21.8	26.55	0	15.61
11/01/2012	31	23.4	27.2	0	11.86
12/01/2012	31.5	22.6	27.05	0	12.25
13/01/2012	31	23.5	27.25	1.2	10.47
14/01/2012	33.6	22.8	28.2	0	14.08
15/01/2012	33.5	25	29.25	0	11.92
16/01/2012	32.4	24.2	28.3	0	8.88
17/01/2012	32	25	28.5	0	9.74
18/01/2012	32.7	24	28.35	0	11.38
19/01/2012	32.5	22	27.25	0.6	11.9
20/01/2012	33.7	25	29.35	0	13.01
21/01/2012	32.5	24.5	28.5	16.8	14.81
22/01/2012	33.5	24	28.75	0	16.8
23/01/2012	34.2	23.5	28.85	0	17.35
24/01/2012	34	23.4	28.7	0	16.32
25/01/2012	34	24	29	0	10.2
26/01/2012	32.3	23.6	27.95	0.5	9.52
27/01/2012	32.6	24.2	28.4	0	6.25
28/01/2012	32.5	25	28.75	0	7.35
29/01/2012	33.5	24	28.75	0	12.19
30/01/2012	33	24	28.5	0	2.57
31/01/2012	29.6	24	26.8	0	7.58
01/02/2012	33	22.5	27.75	0	15.82
02/02/2012	32.8	24.2	28.5	0	6.8
03/02/2012	32.8	23.8	28.3	98	10.89
04/02/2012	31	22.5	26.75	2.5	9
05/02/2012	33	24.6	28.8	0	14.97
06/02/2012	33.5	25	29.25	0	14.58
07/02/2012	35	24.2	29.6	0	16.22
08/02/2012	35	24.5	29.75	0	16.6
09/02/2012	31.8	24.5	28.15	1.1	14.64
10/02/2012	34	24.5	29.25	0	16
11/02/2012	34.5	24	29.25	0	14.97
12/02/2012	33.4	24.4	28.9	0	11.15
13/02/2012	34.2	24.5	29.35	0	12.83
14/02/2012	34.3	25	29.65	0	15.39
15/02/2012	34.6	25.2	29.9	0	15.44
16/02/2012	35	25.5	30.25	0	15.47
17/02/2012	35.5	25.5	30.5	1	13.09
18/02/2012	29.8	25	27.4	0	6.88
19/02/2012	31.5	23	27.25	0	13.43
20/02/2012	31.5	22	26.75	0	18.04
21/02/2012	34	21.5	27.75	0	17.45
22/02/2012	35.8	22.5	29.15	0	17.01
23/02/2012	36	24.2	30.1	0	18.17
24/02/2012	36.2	24.3	30.25	0	18.45
25/02/2012	36.5	26	31.25	0	18.09
26/02/2012	36	25.5	30.75	0	17.73
27/02/2012	35.2	25.6	30.4	0	18.14
28/02/2012	35	26.5	30.75	0	18.11
29/02/2012	35.4	25	30.2	0	17.94
01/03/2012	35.2	25.5	30.35	0	19.72
02/03/2012	35	25	30	1.2	18.12
03/03/2012	35.6	25	30.3	0	18.79
04/03/2012	35.5	25	30.25	0	17.74
05/03/2012	35	25	30	0	18.6
06/03/2012	36	25	30.5	0	20.96
07/03/2012	36	24.8	30.4	0	18.97
08/03/2012	33.3	27	30.15	0	7.63
09/03/2012	35.5	25.5	30.5	0	15.66
10/03/2012	33.8	25.4	29.6	2.2	14.43
11/03/2012	35	25	30	1.2	10.02
12/03/2012	35.7	25	30.35	0	15.11
13/03/2012	35.8	25.2	30.5	0	14.22
14/03/2012	35.8	26.5	31.15	0	12.67
15/03/2012	35.7	25	30.35	0.4	8.65
16/03/2012	36.4	25	30.7	0	16.67
17/03/2012	36.5	25.5	31	0	17.87
18/03/2012	36.5	25	30.75	1	18.07
19/03/2012	34.4	23.8	29.1	3.8	18.05
20/03/2012	36	24.7	30.35	0	20.35
21/03/2012	36.4	24.7	30.55	0	22.18
22/03/2012	36.5	22.7	29.6	0	20.76
23/03/2012	36.2	22.8	29.5	0	16.84
24/03/2012	35.8	26	30.9	0	10.12
25/03/2012	36	25.5	30.75	0	14.38
26/03/2012	34.7	25.3	30	0	11.62
27/03/2012	36	26	31	0	18.52
28/03/2012	35.6	25.8	30.7	0	16.62
29/03/2012	36.7	26.5	31.6	0	18.44
30/03/2012	37.5	26.2	31.85	0	14.31
31/03/2012	36.7	27	31.85	5.6	13.14
01/04/2012	34.5	24.5	29.5	0	13.84
02/04/2012	34.2	24	29.1	0	16.06
03/04/2012	35.8	24.5	30.15	0	16.12
04/04/2012	36	26	31	0	7.39
05/04/2012	34.8	25.8	30.3	4.3	15.56
06/04/2012	34.5	25	29.75	8.6	0
07/04/2012	34.5	25	29.75	1.5	0
08/04/2012	34.4	23.3	28.85	0	0
09/04/2012	34.8	24.5	29.65	3.7	0
10/04/2012	36.5	24	30.25	0	0
11/04/2012	36.5	24	30.25	0	0
12/04/2012	36.2	24	30.1	0	0
13/04/2012	36.7	25.5	31.1	0	0
14/04/2012	36.8	25.7	31.25	0	0
15/04/2012	37	25.2	31.1	0	0
16/04/2012	37	26.5	31.75	0	0
17/04/2012	36.6	26.6	31.6	0	0
18/04/2012	37.2	26.3	31.75	0	22.54
19/04/2012	38	26.5	32.25	0	20.75
20/04/2012	38.2	26.6	32.4	0	22.11
21/04/2012	38.5	28.5	33.5	0	21.54
22/04/2012	38.5	27.5	33	0	22.77
23/04/2012	37.6	27.3	32.45	0	19.13
24/04/2012	38.2	27	32.6	0	22.23
25/04/2012	38.2	26.7	32.45	0	21.04
26/04/2012	39	28	33.5	0	20.99
27/04/2012	38.5	28	33.25	0	22.36
28/04/2012	38.5	26.5	32.5	0	19.8
29/04/2012	38.5	26.5	32.5	0	21.82
30/04/2012	38.8	26.6	32.7	0	21.63
01/05/2012	39	27.5	33.25	0	20.98
02/05/2012	38.6	28.4	33.5	0	18.85
03/05/2012	38.5	26.5	32.5	0	14.61
04/05/2012	38.5	26.5	32.5	0.1	22.6
05/05/2012	34	26.5	30.25	0.5	9.87
06/05/2012	35	25.5	30.25	0	18.14
07/05/2012	37	25.5	31.25	0	22.47
08/05/2012	35.4	25.7	30.55	0	6.9
09/05/2012	36.5	24.5	30.5	0	13.86
10/05/2012	36.5	26	31.25	0	20.8
11/05/2012	38	26.2	32.1	0	22.55
12/05/2012	38	27.5	32.75	1	20.61
13/05/2012	38	27.5	32.75	0	18.92
14/05/2012	37.8	27	32.4	0	19.4
15/05/2012	37.5	27.2	32.35	19	20.47
16/05/2012	34.6	24.4	29.5	45.8	10.09
17/05/2012	34.5	25	29.75	12	5.28
18/05/2012	33.8	24.8	29.3	1	12.94
19/05/2012	35.5	26.5	31	9.2	20.62
20/05/2012	35.5	24.5	30	0.2	21.79
21/05/2012	35.7	26.2	30.95	4.2	20.58
22/05/2012	36	26.8	31.4	0	18.27
23/05/2012	36	27	31.5	2	14.52
24/05/2012	36	26.4	31.2	5.1	16.42
25/05/2012	36	25.5	30.75	2.6	13.76
26/05/2012	34.3	25.6	29.95	0	13.49
27/05/2012	34.5	27	30.75	0	15.25
28/05/2012	34.5	26	30.25	4.2	16.27
29/05/2012	33.4	26	29.7	0	13.14
30/05/2012	34.5	26.5	30.5	8	15.88
31/05/2012	34	25	29.5	6	14.35
01/06/2012	35	25.3	30.15	8.5	12.52
02/06/2012	34	25	29.5	0	8.49
03/06/2012	34	25	29.5	11.6	10.55
04/06/2012	35.2	25.2	30.2	0	11.83
05/06/2012	32.7	26.2	29.45	0	17.59
06/06/2012	34.5	27	30.75	0.4	16.12
07/06/2012	34.7	26	30.35	0	13.18
08/06/2012	32.8	26.3	29.55	9.6	12.35
09/06/2012	34	26	30	3	16.57
10/06/2012	34	25	29.5	3	15.78
11/06/2012	33.6	25.3	29.45	0.6	19.74
12/06/2012	34.3	25.4	29.85	6.6	19.17
13/06/2012	34.5	26.4	30.45	0	13.21
14/06/2012	34.6	26.2	30.4	0.4	17.35
15/06/2012	35	26	30.5	0	14.76
16/06/2012	33.7	26.2	29.95	0	12.74
17/06/2012	33.5	27	30.25	2.8	9.14
18/06/2012	33.5	25.5	29.5	0	9.98
19/06/2012	32.8	26.4	29.6	0	11.41
20/06/2012	34	26.5	30.25	1.2	14.6
21/06/2012	33.8	27	30.4	0.4	16.22
22/06/2012	34.5	26	30.25	0	16.26
23/06/2012	34.4	25.8	30.1	0	19.34
24/06/2012	34.5	26.6	30.55	0	18.1
25/06/2012	35.6	27	31.3	4	15.91
26/06/2012	35	24.5	29.75	0	13.38
27/06/2012	34.5	24.5	29.5	0	13.06
28/06/2012	34.2	24.6	29.4	0	13.67
29/06/2012	35	27	31	0	20.75
30/06/2012	35	26.5	30.75	0	12.14
01/07/2012	34.5	26.5	30.5	0	9.82
02/07/2012	35.7	26.5	31.1	34.1	16.55
03/07/2012	34.4	24.5	29.45	0	15.35
04/07/2012	35	26	30.5	12	12.97
05/07/2012	34.2	24.5	29.35	21.8	12.96
06/07/2012	34.4	25.3	29.85	10.7	15.69
07/07/2012	34	25.5	29.75	2	17.07
08/07/2012	34.2	25	29.6	0	16.51
09/07/2012	32.2	26	29.1	21.2	3.35
10/07/2012	34.5	25	29.75	5.5	14.24
11/07/2012	34	25.4	29.7	1.9	17.25
12/07/2012	33.5	27	30.25	9.7	7.38
13/07/2012	32.2	25.2	28.7	0.7	8.08
14/07/2012	33.5	25.5	29.5	20	18.94
15/07/2012	34	24	29	9.2	21.05
16/07/2012	34.7	24	29.35	1	17.25
17/07/2012	34	26.2	30.1	0.6	16.77
18/07/2012	33.5	26	29.75	1.8	10.43
19/07/2012	34	24	29	0	9.04
20/07/2012	33.8	24.2	29	0	16.27
21/07/2012	35	26.5	30.75	1	19.74
22/07/2012	35	25.5	30.25	0	16.5
23/07/2012	33.8	25.6	29.7	0	12.47
24/07/2012	33.5	26.5	30	11.8	11.55
25/07/2012	31.6	24.5	28.05	2.5	10.3
26/07/2012	32.2	25.2	28.7	23.4	12.16
27/07/2012	34.5	24	29.25	0.4	12.6
28/07/2012	34	24	29	1.2	11.53
29/07/2012	32.5	24	28.25	25	14.55
30/07/2012	30.3	24	27.15	1.9	9.38
31/07/2012	32.5	26	29.25	0	14.86
01/08/2012	31.5	25.5	28.5	0	16.21
02/08/2012	31.5	26	28.75	0	9.91
03/08/2012	32	25	28.5	1	9.74
04/08/2012	34.3	25.3	29.8	0.3	14.28
05/08/2012	34.5	26	30.25	9.8	16.22
06/08/2012	34.5	25	29.75	0	11.76
07/08/2012	33.8	24.8	29.3	0	11.6
08/08/2012	31	25.4	28.2	0.2	9.76
09/08/2012	32	25	28.5	4.8	10.28
10/08/2012	32.7	24	28.35	0	13.93
11/08/2012	34	25.5	29.75	0	18.64
12/08/2012	33	25.5	29.25	0	11.21
13/08/2012	34	25	29.5	1.6	14.1
14/08/2012	31.8	24.5	28.15	0	11.76
15/08/2012	34	25.6	29.8	0	14.34
16/08/2012	33.8	25.2	29.5	0.7	14.54
17/08/2012	34	26	30	0	17.39
18/08/2012	33.5	26	29.75	18	14.51
19/08/2012	33	24.5	28.75	6.6	14.14
20/08/2012	34	24.2	29.1	25.5	14.73
21/08/2012	34.5	24.4	29.45	0	20.78
22/08/2012	34.6	25.6	30.1	0	20.29
23/08/2012	34.5	25.2	29.85	2	16.34
24/08/2012	34.7	25	29.85	0	15.45
25/08/2012	34.5	25.3	29.9	1.6	12.49
26/08/2012	34.5	25.7	30.1	14.1	10.08
27/08/2012	34	25	29.5	2.9	10.77
28/08/2012	34.6	25	29.8	32.9	16.83
29/08/2012	31.2	25	28.1	1	13.48
30/08/2012	34	26	30	19.1	16.88
31/08/2012	31.4	24.4	27.9	0	10.86
01/09/2012	33	25	29	0	11.88
02/09/2012	33.5	25	29.25	1.4	12.25
03/09/2012	33.4	24.8	29.1	5	13.84
04/09/2012	28.6	25.5	27.05	10.4	7.92
05/09/2012	33	24.5	28.75	26.8	13.48
06/09/2012	29.6	24.2	26.9	17.1	2.21
07/09/2012	32	24.5	28.25	4.6	12.45
08/09/2012	33.5	24.5	29	0	18.12
09/09/2012	32.6	24.5	28.55	0	16.51
10/09/2012	31.2	26	28.6	46.2	15.08
11/09/2012	34	24.5	29.25	33.8	14.58
12/09/2012	34.5	24.5	29.5	0	18.28
13/09/2012	33.2	25.8	29.5	32.8	16.55
14/09/2012	33	24	28.5	0.9	11.71
15/09/2012	33.5	24	28.75	9.2	8.19
16/09/2012	31.5	25.4	28.45	91.6	6.76
17/09/2012	31.8	24	27.9	12.8	11.38
18/09/2012	32.2	24	28.1	10.1	10.84
19/09/2012	32.5	25.5	29	9.2	9.01
20/09/2012	32.5	25	28.75	4.5	14.64
21/09/2012	31.5	24.4	27.95	0.3	12.23
22/09/2012	33	25	29	16.5	14.3
23/09/2012	33.3	25.2	29.25	1.7	16.41
24/09/2012	33.4	25.3	29.35	0	15.28
25/09/2012	32.2	25.8	29	0	10.04
26/09/2012	33.6	26.2	29.9	1.8	11.68
27/09/2012	32.5	24.5	28.5	60.2	10.68
28/09/2012	30	24.2	27.1	69.5	4.77
29/09/2012	31.7	23.7	27.7	3.4	14.85
30/09/2012	32	25	28.5	33.2	16.82
01/10/2012	33.5	24	28.75	2.3	9.54
02/10/2012	33.4	24	28.7	0	7.41
03/10/2012	34	26.5	30.25	3.6	18.16
04/10/2012	34	25.5	29.75	23.2	18.42
05/10/2012	34.2	25.5	29.85	0.1	18.42
06/10/2012	34	26.5	30.25	0.1	7.44
07/10/2012	34	25.5	29.75	6.8	11.09
08/10/2012	29.8	23.8	26.8	15.4	7.31
09/10/2012	32.6	24.2	28.4	2.4	8.83
10/10/2012	32	24.5	28.25	0	8.03
11/10/2012	33.5	24.4	28.95	0	8.03
12/10/2012	34.2	25.2	29.7	0	12.74
13/10/2012	34	26	30	0	0
14/10/2012	34	26	30	37.7	14.62
15/10/2012	33.7	25.3	29.5	3	7.5
16/10/2012	33.4	25	29.2	0	8.84
17/10/2012	34.2	25.5	29.85	0	12.75
18/10/2012	34.4	24.5	29.45	0	18.76
19/10/2012	34	24	29	0	17.07
20/10/2012	34.6	24.2	29.4	1.4	16.89
21/10/2012	34.5	25.5	30	0	16.98
22/10/2012	34.5	25.5	30	0	17.07
23/10/2012	33.2	25	29.1	0	12.44
24/10/2012	33.3	26.6	29.95	0	12.76
25/10/2012	34	24.5	29.25	0	18.2
26/10/2012	34.8	24.5	29.65	0	17.41
27/10/2012	34.5	25.5	30	0	17.86
28/10/2012	35.7	25	30.35	0	14.69
29/10/2012	35.6	25	30.3	18.2	11.46
30/10/2012	35	25.5	30.25	3.8	15.02
31/10/2012	32.6	25.5	29.05	14.8	6.43
01/11/2012	31.5	24.6	28.05	0	17.39
02/11/2012	32.6	24.5	28.55	0	11.66
03/11/2012	33.5	25	29.25	0	16.06
04/11/2012	34	25	29.5	0	9.78
05/11/2012	35.2	25	30.1	0	13.55
06/11/2012	34.4	25.6	30	0	10.91
07/11/2012	35.5	25.8	30.65	0	13.62
08/11/2012	32.8	25.9	29.35	0	14.47
09/11/2012	34	25.5	29.75	0	12.03
10/11/2012	36	25.5	30.75	0	11.76
11/11/2012	36	25.5	30.75	2.8	11.96
12/11/2012	30.6	25.4	28	0	4.09
13/11/2012	33	25.3	29.15	0	11.51
14/11/2012	34.2	25.8	30	0	9.65
15/11/2012	34.5	25.5	30	0	14.67
16/11/2012	34.6	25.6	30.1	0.2	9.01
17/11/2012	34	26.5	30.25	0.4	11.07
18/11/2012	32.5	25.5	29	0	11.42
19/11/2012	32.8	24.8	28.8	0.5	10.09
20/11/2012	33	26	29.5	0.4	6.04
21/11/2012	33.5	25.5	29.5	0	9.52
22/11/2012	34.2	25.5	29.85	0	14.82
23/11/2012	32.2	25.5	28.85	0	15.81
24/11/2012	34.6	25.5	30.05	1.5	6.56
25/11/2012	32.2	24.6	28.4	0.5	8.07
26/11/2012	34	24.6	29.3	33.8	12.94
27/11/2012	33	24	28.5	0	12.77
28/11/2012	30	24	27	8	5.46
29/11/2012	31.8	24.4	28.1	0	7.02
30/11/2012	32.5	25.5	29	0	12.12
01/12/2012	32.8	24.8	28.8	0	7.62
02/12/2012	33.5	25	29.25	0	10.83
03/12/2012	35.5	24.5	30	0	12.84
04/12/2012	35	24.5	29.75	0	10.08
05/12/2012	33.8	25.4	29.6	0	11.99
06/12/2012	33.5	25	29.25	0	7.31
07/12/2012	33.8	24.4	29.1	0	8.55
08/12/2012	33	24	28.5	0	10.88
09/12/2012	32.5	25	28.75	0	11.13
10/12/2012	32.4	24	28.2	0	11.49
11/12/2012	33.8	24.2	29	0	10.85
12/12/2012	33.5	24.5	29	0	11.75
13/12/2012	33	24	28.5	0	15.9
14/12/2012	34.2	24.5	29.35	0	13.92
15/12/2012	33.5	25	29.25	0	13.06
16/12/2012	34.5	25.5	30	0	11.39
17/12/2012	35.8	25	30.4	0	14.72
18/12/2012	35	24.7	29.85	0	13.92
19/12/2012	35.2	25.4	30.3	0	15.33
20/12/2012	33.5	24.5	29	0	14.54
21/12/2012	34.3	24.5	29.4	0	15.85
22/12/2012	35.4	25.4	30.4	0	15.02
23/12/2012	35.5	25	30.25	0	13.3
24/12/2012	30.5	21.5	26	0	16.24
25/12/2012	32	21.4	26.7	0	15.69
26/12/2012	32.5	23.5	28	0	15.22
27/12/2012	34	23.5	28.75	0	15.37
28/12/2012	35.2	23.5	29.35	0	14.91
29/12/2012	35.2	24.8	30	0	15.86
30/12/2012	33.8	26	29.9	0	14.91
31/12/2012	30.8	22.5	26.65	0	15.37
01/01/2013	30.2	20.7	25.45	0	15.72
02/01/2013	33	21.5	27.25	0	16.44
03/01/2013	33.2	21.5	27.35	0	16.15
04/01/2013	32.6	21.4	27	0	9.99
05/01/2013	32.2	21	26.6	0	15.89
06/01/2013	32	21	26.5	0	14.34
07/01/2013	32.5	21	26.75	0	15.87
08/01/2013	33.8	21.2	27.5	0	14.87
09/01/2013	33.8	21	27.4	0	12.55
10/01/2013	33.5	21	27.25	0	16.03
11/01/2013	33	22.6	27.8	0	14.4
12/01/2013	33.3	22.5	27.9	1	14.71
13/01/2013	33.6	23	28.3	0	15.25
14/01/2013	32.5	22	27.25	0	17.75
15/01/2013	32	20.5	26.25	0	13.43
16/01/2013	34	22	28	0	13.76
17/01/2013	33.2	22.2	27.7	0	16.82
18/01/2013	32.8	21	26.9	0	17.57
19/01/2013	31	20	25.5	0	16.27
20/01/2013	32.5	20	26.25	0	15.63
21/01/2013	33.8	20	26.9	0	14.32
22/01/2013	33.8	22.5	28.15	0	13.21
23/01/2013	35	23.5	29.25	0	10.36
24/01/2013	34.8	23.6	29.2	1.5	13.87
25/01/2013	31.5	25	28.25	0	12.33
26/01/2013	32	24	28	0	9.87
27/01/2013	32.5	23.5	28	2	12.61
28/01/2013	31.2	23.5	27.35	0	7.75
29/01/2013	31.2	21.6	26.4	0	11.49
30/01/2013	32.6	23.8	28.2	0	0
31/01/2013	32.3	24.5	28.4	0.4	0
01/02/2013	31.5	23	27.25	0	0
02/02/2013	32.4	23	27.7	0	6.64
03/02/2013	32	24.5	28.25	0	10.29
04/02/2013	34.7	24.5	29.6	0	15.66
05/02/2013	35	24.5	29.75	0	11.22
06/02/2013	36	25	30.5	0	16.69
07/02/2013	36	25	30.5	0	16.73
08/02/2013	34.2	25	29.6	0	12.87
09/02/2013	33.8	24.8	29.3	0	0
10/02/2013	34.2	25	29.6	0	0
11/02/2013	35.4	25.4	30.4	0	0
12/02/2013	35.5	24.5	30	0	0
13/02/2013	33	24.5	28.75	0	0
14/02/2013	35.4	23.5	29.45	0	0
15/02/2013	34.5	24	29.25	0	0
16/02/2013	34.5	24	29.25	4.5	0
17/02/2013	35.5	24	29.75	0	0
18/02/2013	35	24	29.5	0	0
19/02/2013	34.5	25	29.75	0	0
20/02/2013	35.7	25	30.35	0	0
21/02/2013	34.8	25.6	30.2	0	0
22/02/2013	33.5	24.5	29	0	0
23/02/2013	32.5	21.5	27	0	16.57
24/02/2013	33.5	21.7	27.6	0	12.38
25/02/2013	36.3	21.5	28.9	0	16.44
26/02/2013	37.8	21.6	29.7	0	16.49
27/02/2013	36.5	25.5	31	0	18.22
28/02/2013	36.2	25.5	30.85	0	18.78
01/03/2013	36	26	31	0	17.48
02/03/2013	35.8	25.4	30.6	0	16.07
03/03/2013	34	26	30	2.2	7.46
04/03/2013	27.6	23	25.3	1.6	3.87
05/03/2013	31.7	22.3	27	0	14.01
06/03/2013	33.5	23	28.25	0	18.63
07/03/2013	35.8	23	29.4	0	17.62
08/03/2013	35.5	25	30.25	0	11.09
09/03/2013	35	25	30	0	16.21
10/03/2013	34	25	29.5	0	18.51
11/03/2013	35.5	25.2	30.35	0	18.66
12/03/2013	35.5	25.5	30.5	0	19.8
13/03/2013	35.8	25	30.4	0	17.42
14/03/2013	37	25.5	31.25	0	20.04
15/03/2013	35.3	24.5	29.9	0	11.88
16/03/2013	34.8	25	29.9	0	16.03
17/03/2013	36.7	25	30.85	0	19.44
18/03/2013	36.5	25	30.75	0	17.57
19/03/2013	37.6	25	31.3	0	16.7
20/03/2013	36.6	26	31.3	0	19.64
21/03/2013	36.8	25.6	31.2	0	16.59
22/03/2013	37	25	31	0	21.06
23/03/2013	37.2	25	31.1	0	22.2
24/03/2013	37.7	25	31.35	0	20.07
25/03/2013	39.6	25	32.3	0	21.16
26/03/2013	37.5	26	31.75	0	20.91
27/03/2013	38	25.8	31.9	0	21.73
28/03/2013	37.6	25.8	31.7	0	20.22
29/03/2013	37.4	26.4	31.9	0	19.93
30/03/2013	37.5	26.5	32	0	17.43
31/03/2013	38	26	32	0	22.7
01/04/2013	39.2	25.6	32.4	0	22.14
02/04/2013	38.6	26	32.3	0	20.47
03/04/2013	38.7	27	32.85	0	17.29
04/04/2013	38.6	27.2	32.9	0	19.56
05/04/2013	39	26.7	32.85	0	19.87
06/04/2013	37.5	26.5	32	0	15.23
07/04/2013	37	26.8	31.9	0	17.68
08/04/2013	37.2	25.4	31.3	0	13.65
09/04/2013	39.2	24.5	31.85	0	21.04
10/04/2013	38	25	31.5	0	16.67
11/04/2013	36.5	25	30.75	0.2	8.79
12/04/2013	36.5	25.5	31	0	5.75
13/04/2013	38	26	32	0	19.7
14/04/2013	36.6	27	31.8	0.3	15.9
15/04/2013	34.5	25	29.75	0.6	11.21
16/04/2013	36	25.6	30.8	0	15.78
17/04/2013	32.5	26	29.25	0	8.4
18/04/2013	36.7	24.8	30.75	0	18.1
19/04/2013	38	26.5	32.25	0	22.07
20/04/2013	38	26	32	0	18.61
21/04/2013	38.5	26	32.25	0	21.1
22/04/2013	36.4	26.2	31.3	0	18.92
23/04/2013	35.4	26.3	30.85	37.3	12.85
24/04/2013	36.2	24.2	30.2	0	15.16
25/04/2013	36	25.5	30.75	0.4	23.23
26/04/2013	37.2	25.5	31.35	0	20.83
27/04/2013	37	27	32	0	18.41
28/04/2013	37	26	31.5	0	10.39
29/04/2013	37.4	26.3	31.85	0	22.19
30/04/2013	37.5	26.5	32	0	19.7
01/05/2013	38	26.5	32.25	0	22.53
02/05/2013	38.7	26.4	32.55	0	22.15
03/05/2013	38.5	28	33.25	0	21.31
04/05/2013	38.7	27.5	33.1	0	21.55
05/05/2013	34.5	26.8	30.65	23.6	15.35
06/05/2013	37	25.5	31.25	0	18.73
07/05/2013	37.5	23.5	30.5	0	20.58
08/05/2013	38	27.2	32.6	0	21.8
09/05/2013	38	26.5	32.25	0	18.51
10/05/2013	38.3	26.5	32.4	0	20.41
11/05/2013	38	27	32.5	0	20.53
12/05/2013	38.5	27	32.75	0	17.79
13/05/2013	38.3	27	32.65	0	10.18
14/05/2013	38.5	27.5	33	0	21.36
15/05/2013	38.5	28	33.25	0	22.14
16/05/2013	39	29	34	0	22.41
17/05/2013	38.8	28.2	33.5	27.5	20.71
18/05/2013	37	25.5	31.25	0.2	6.58
19/05/2013	37.5	25.5	31.5	0.8	16.85
20/05/2013	37.6	25.4	31.5	0	20.34
21/05/2013	36.5	27.2	31.85	0	15.54
22/05/2013	36.5	27	31.75	0.3	17.66
23/05/2013	37.5	26	31.75	0	18.01
24/05/2013	37.5	26.5	32	4.2	17.91
25/05/2013	37.5	25.5	31.5	1	11.56
26/05/2013	37.5	25.5	31.5	0	19.85
27/05/2013	37.2	25.5	31.35	0	20.06
28/05/2013	38	27.4	32.7	0	22.38
29/05/2013	38	28	33	0	21.5
30/05/2013	37	27.5	32.25	0	10.34
31/05/2013	33.6	26.4	30	0	13.12
01/06/2013	37	25	31	0	21.47
02/06/2013	37	24.5	30.75	0	15.96
03/06/2013	36	24.9	30.45	0.2	10.03
04/06/2013	36	25.6	30.8	4.2	5.63
05/06/2013	33.8	25.2	29.5	19.5	10.11
06/06/2013	33.5	23.6	28.55	20.5	16.43
07/06/2013	34	24	29	0	15.53
08/06/2013	35.6	24.2	29.9	0	15.99
09/06/2013	38.5	24.2	31.35	0	21.4
10/06/2013	36	26.8	31.4	21	15.52
11/06/2013	35	25	30	0.8	9.93
12/06/2013	32.5	24.8	28.65	18.8	9.4
13/06/2013	33	25	29	37.2	4.87
14/06/2013	33.5	24.7	29.1	0	14.29
15/06/2013	34.4	26.2	30.3	0	14.05
16/06/2013	35.5	26	30.75	0	14.67
17/06/2013	34.8	25.6	30.2	1.5	16.12
18/06/2013	34.2	25.4	29.8	0.2	14.36
19/06/2013	35	26	30.5	38.3	18.93
20/06/2013	34.4	25.2	29.8	0	16.69
21/06/2013	31.9	26.7	29.3	0.5	6.41
22/06/2013	33.5	27	30.25	0.7	10.29
23/06/2013	34	25.5	29.75	3.5	6.84
24/06/2013	33.6	25	29.3	3.3	14.97
25/06/2013	33	25.6	29.3	0.3	10.18
26/06/2013	32.5	26.5	29.5	3.8	3.96
27/06/2013	32.9	26.2	29.55	0	16.84
28/06/2013	34.7	25.5	30.1	0	21.75
29/06/2013	35	25.5	30.25	0	17.48
30/06/2013	35.2	25.2	30.2	0	17.77
01/07/2013	35	24.2	29.6	0	21.1
02/07/2013	35.4	25.6	30.5	0	21.37
03/07/2013	35.4	24.7	30.05	3.5	19.41
04/07/2013	35.5	26	30.75	0	14.01
05/07/2013	34	26	30	29.9	11.82
06/07/2013	34	25.2	29.6	3.5	7.66
07/07/2013	34	25.3	29.65	0	11.31
08/07/2013	32.6	25	28.8	18	8.04
09/07/2013	32	24.7	28.35	2.1	8.14
10/07/2013	32.5	24.5	28.5	3.2	11.18
11/07/2013	33.5	24.5	29	3.3	15.52
12/07/2013	33.6	24.5	29.05	0	14.76
13/07/2013	34.5	25.5	30	0	20.08
14/07/2013	34.5	25.5	30	0	16.04
15/07/2013	34.2	25.6	29.9	0	14.91
16/07/2013	34	25.5	29.75	8.6	10.14
17/07/2013	34.5	24.5	29.5	0	15.4
18/07/2013	36.5	25.5	31	0.1	16.3
19/07/2013	32.5	26	29.25	0	8.43
20/07/2013	32.5	25.5	29	0	11.52
21/07/2013	35.2	25.5	30.35	0	13.87
22/07/2013	33.5	27	30.25	1	5.67
23/07/2013	34	26	30	2.7	7.17
24/07/2013	32	25.2	28.6	0.4	7.45
25/07/2013	34	25.6	29.8	0	8.61
26/07/2013	33.8	25.8	29.8	0	12.31
27/07/2013	34.7	25.5	30.1	1	12.45
28/07/2013	34.5	26	30.25	0.2	6.16
29/07/2013	33.8	25.5	29.65	5.3	10.7
30/07/2013	30.5	24.9	27.7	2.1	7.13
31/07/2013	31.5	26	28.75	0	11.92
01/08/2013	34.6	25.8	30.2	0	16.63
02/08/2013	35.1	25.7	30.4	2.9	15.09
03/08/2013	35	25.5	30.25	7.2	19.06
04/08/2013	35	24.5	29.75	0	16.65
05/08/2013	33.6	24.5	29.05	0.3	14.32
06/08/2013	36	24.5	30.25	0	18.67
07/08/2013	33.5	24.6	29.05	11.4	17.24
08/08/2013	34.9	24	29.45	0.3	16
09/08/2013	31.2	25.5	28.35	17	10.45
10/08/2013	34	24.5	29.25	0	16.44
11/08/2013	34	26	30	0.8	15.19
12/08/2013	35.5	25.5	30.5	10	13.34
13/08/2013	33.5	24.2	28.85	10.9	17.42
14/08/2013	32.4	24.5	28.45	1.9	14.92
15/08/2013	32.5	26	29.25	0	13.71
16/08/2013	33.6	25.8	29.7	0	12.19
17/08/2013	35.1	23.4	29.25	0	13.82
18/08/2013	35	26.5	30.75	0	12.04
19/08/2013	35.5	26.3	30.9	0	18.38
20/08/2013	35.5	26	30.75	15.2	10.35
21/08/2013	33	24.4	28.7	0	11.29
22/08/2013	31.5	25.3	28.4	10.4	6.11
23/08/2013	33.5	23.5	28.5	9.8	15.06
24/08/2013	33.5	25	29.25	19	13.92
25/08/2013	33.5	24	28.75	23.8	13.89
26/08/2013	34.8	24	29.4	3	15.95
27/08/2013	35.5	24.2	29.85	20.9	17.34
28/08/2013	34.9	23.9	29.4	0	11.66
29/08/2013	35	26.5	30.75	0	19.16
30/08/2013	35.5	26.7	31.1	1.6	15.21
31/08/2013	34.4	26	30.2	4	13.95
01/09/2013	35.5	26	30.75	0	19.55
02/09/2013	32.5	26	29.25	6.7	18.58
03/09/2013	34.1	25.9	30	0	20.19
04/09/2013	35.5	26	30.75	0	16.57
05/09/2013	35.5	26	30.75	18.8	9.04
06/09/2013	33	24.5	28.75	0	12.82
07/09/2013	35	25	30	15.1	7.34
08/09/2013	30.4	25	27.7	0.5	6.11
09/09/2013	33	25	29	0	13.93
10/09/2013	35	25	30	0.3	10.52
11/09/2013	35	24.5	29.75	32	17.33
12/09/2013	34.3	24.5	29.4	21.9	5.58
13/09/2013	28.6	24.5	26.55	4.9	4.23
14/09/2013	32.2	24.7	28.45	1.7	7.45
15/09/2013	33.4	26.2	29.8	63.9	8.21
16/09/2013	33	24.5	28.75	0	14.69
17/09/2013	32.8	24.4	28.6	0	13.14
18/09/2013	34.2	25.6	29.9	3.6	9.21
19/09/2013	32	24.8	28.4	58.4	4.88
20/09/2013	27.8	23.8	25.8	10.3	3.14
21/09/2013	31.5	24.4	27.95	9.5	13.22
22/09/2013	33	25.6	29.3	3.8	12.6
23/09/2013	30.4	25.5	27.95	0.1	7.85
24/09/2013	34.7	25.9	30.3	0	15.4
25/09/2013	34.5	26.5	30.5	2	13.4
26/09/2013	33.8	25.9	29.85	0	11.92
27/09/2013	33.8	26.2	30	2	14.07
28/09/2013	34.5	25.2	29.85	12.5	14.62
29/09/2013	32	24.5	28.25	99	8.21
30/09/2013	32	24	28	1.6	14.66
01/10/2013	33.2	24	28.6	0	10.68
02/10/2013	32.6	26	29.3	1	13.73
03/10/2013	29.7	24.3	27	74.8	10.4
04/10/2013	32	22.7	27.35	0.6	11.8
05/10/2013	33	23.7	28.35	0	8.79
06/10/2013	30.8	22.7	26.75	80.4	7.22
07/10/2013	29.8	24.4	27.1	12.6	10.32
08/10/2013	31.8	25	28.4	2.8	15.69
09/10/2013	32.5	23.7	28.1	0	12.42
10/10/2013	33	26.5	29.75	0	6.81
11/10/2013	33.8	23.8	28.8	0	7.39
12/10/2013	34	25.5	29.75	0	13.39
13/10/2013	35	26.5	30.75	0	15.19
14/10/2013	34.4	26.5	30.45	0	14.66
15/10/2013	34.6	24.8	29.7	16.1	11.11
16/10/2013	28.2	24.8	26.5	33.5	1.89
17/10/2013	28	25	26.5	35.2	4.64
18/10/2013	33.6	24.4	29	10	14.13
19/10/2013	33.5	24	28.75	1.8	10.23
20/10/2013	33.5	24	28.75	5.2	11.69
21/10/2013	32.3	23.9	28.1	5.9	16.65
22/10/2013	34	24.8	29.4	0	17.54
23/10/2013	33.6	25.5	29.55	0	16.67
24/10/2013	33.2	25.4	29.3	0	16.69
25/10/2013	33.5	25.4	29.45	0	16.77
26/10/2013	33	24	28.5	0	17.96
27/10/2013	32.5	23.3	27.9	0	15.53
28/10/2013	33.6	24.8	29.2	0	17.25
29/10/2013	34	25	29.5	0	10.76
30/10/2013	34.4	25.2	29.8	0	15.54
31/10/2013	34.4	25	29.7	0	17.71
01/11/2013	35	26	30.5	0	17.29
02/11/2013	34.8	25.5	30.15	0	18.27
03/11/2013	34.2	24.1	29.15	0	19.25
04/11/2013	35	23	29	0	19.07
05/11/2013	32.9	23	27.95	0	18.45
06/11/2013	33.7	25.8	29.75	0	16.33
07/11/2013	33	26.5	29.75	3.3	8.57
08/11/2013	32.1	24.1	28.1	0.7	2.96
09/11/2013	33.4	24.9	29.15	0	11.21
10/11/2013	33.5	24.5	29	0	16.98
11/11/2013	35	24.4	29.7	0	11.79
12/11/2013	36.2	25.2	30.7	0	12.76
13/11/2013	36.1	26	31.05	0.3	8.65
14/11/2013	32.7	26.1	29.4	2.4	12.64
15/11/2013	32.8	24.5	28.65	1.3	15.42
16/11/2013	28.5	22.7	25.6	2.7	6.48
17/11/2013	32	24	28	0	14.26
18/11/2013	32.8	23.6	28.2	0	15.26
19/11/2013	33	23.7	28.35	0	13.94
20/11/2013	31.8	23.2	27.5	0	14.37
21/11/2013	31.5	23.8	27.65	0	14.46
22/11/2013	32.5	24.5	28.5	0	13.5
23/11/2013	32.5	24.5	28.5	0	12.13
24/11/2013	32.5	24.5	28.5	0.2	5.57
25/11/2013	34	24.3	29.15	0	8.68
26/11/2013	35	25.5	30.25	1.4	9.88
27/11/2013	34.6	24.8	29.7	0	13.63
28/11/2013	34.5	25.1	29.8	2.5	15.15
29/11/2013	32.9	22.9	27.9	0	16.56
30/11/2013	31.5	21.5	26.5	0	15.02
01/12/2013	31.5	21.5	26.5	0	16.98
02/12/2013	29.6	20.4	25	0	16.68
03/12/2013	30	19.3	24.65	0	15.95
04/12/2013	31.1	19.5	25.3	0	16.33
05/12/2013	31.4	21.3	26.35	0	14.5
06/12/2013	31.6	21.4	26.5	0	16.02
07/12/2013	31.5	20	25.75	0	16.13
08/12/2013	31.5	20	25.75	0	15.53
09/12/2013	31.6	19.5	25.55	0	14.19
10/12/2013	31	20.8	25.9	0	14.91
11/12/2013	33	20.5	26.75	0	14
12/12/2013	32.5	21.3	26.9	0	14.7
13/12/2013	33.5	22.5	28	0	13.91
14/12/2013	34	22.5	28.25	0	13.43
15/12/2013	33.5	22.7	28.1	0	11.53
16/12/2013	31	22.6	26.8	0	11.23
17/12/2013	29	19.7	24.35	0	15.29
18/12/2013	27.8	17.2	22.5	0	14.47
19/12/2013	28	17	22.5	0	14.52
20/12/2013	27.8	17	22.4	0	16.14
21/12/2013	27.3	17.2	22.25	0	15.89
22/12/2013	27.5	16.8	22.15	0	15.68
23/12/2013	29.1	16.9	23	0	15.68
24/12/2013	29.6	18.8	24.2	0	13.52
25/12/2013	29.5	18	23.75	0	15.04
26/12/2013	29	17.2	23.1	0	15.82
27/12/2013	28.8	16.5	22.65	0	16.43
28/12/2013	27.5	15.7	21.6	0	16.19
29/12/2013	27.2	15.8	21.5	0	14.9
30/12/2013	29	16	22.5	0	13.48
31/12/2013	29	18.7	23.85	0	14.96
01/01/2014	30.5	17.3	23.9	0	15.78
02/01/2014	30.6	17	23.8	0	15.84
03/01/2014	33.5	18	25.75	0	14.69
04/01/2014	32.5	17.9	25.2	0	13.22
05/01/2014	33	20.7	26.85	0	15.73
06/01/2014	33.7	20.2	26.95	0	13.97
07/01/2014	34.5	21.6	28.05	0	12.44
08/01/2014	33.8	21.7	27.75	0	11.36
09/01/2014	34.5	22.6	28.55	0	16.26
10/01/2014	32.5	20.7	26.6	0	16.67
11/01/2014	33.7	21.3	27.5	0	16.99
12/01/2014	33.6	20.5	27.05	0	16.46
13/01/2014	32.2	20	26.1	0	17.33
14/01/2014	29.6	18.6	24.1	0	17.6
15/01/2014	29.8	17	23.4	0	18.04
16/01/2014	29.5	16.6	23.05	0	17.05
17/01/2014	30.4	17	23.7	0	16.98
18/01/2014	30.5	17.5	24	0	16.72
19/01/2014	28.6	15.6	22.1	0	15.98
20/01/2014	28.6	17	22.8	0	16.01
21/01/2014	28.5	17.2	22.85	0	17.18
22/01/2014	26.5	14.2	20.35	0	17.09
23/01/2014	27.4	13.8	20.6	0	15.49
24/01/2014	28.5	14.5	21.5	0	16.42
25/01/2014	30.2	14.6	22.4	0	16.13
26/01/2014	31.5	16	23.75	0	14.74
27/01/2014	33	16.2	24.6	0	15.43
28/01/2014	33.7	18.7	26.2	0	17.05
29/01/2014	33.6	19.8	26.7	0	16.42
30/01/2014	33.7	20	26.85	0	17.29
31/01/2014	33.5	19.6	26.55	0	18.41
01/02/2014	33.5	19.5	26.5	0	16.71
02/02/2014	34.5	19.5	27	0	17.48
03/02/2014	35	21	28	0	16.38
04/02/2014	34.7	20.8	27.75	0	15.91
05/02/2014	34.7	23	28.85	0	14.42
06/02/2014	33.1	22.5	27.8	0	17.33
07/02/2014	33.2	22.6	27.9	0	15.14
08/02/2014	33	22.5	27.75	0	14.86
09/02/2014	33.6	21.3	27.45	0	19.59
10/02/2014	34.4	20.8	27.6	0	14.42
11/02/2014	34.2	20	27.1	0	19.66
12/02/2014	33.5	20.4	26.95	0	15.61
13/02/2014	33.8	22.4	28.1	0	16.25
14/02/2014	33.7	23	28.35	0	18.04
15/02/2014	32.6	22.9	27.75	0	13.63
16/02/2014	33.5	23.5	28.5	0	14.28
17/02/2014	33.1	23.2	28.15	0	15.52
18/02/2014	34	23	28.5	0	16.04
19/02/2014	34	23.5	28.75	0	15.54
20/02/2014	30.6	21.2	25.9	0	11.56
21/02/2014	29.6	21	25.3	0	8.08
22/02/2014	34.5	20.5	27.5	0	16.34
23/02/2014	34.7	22.5	28.6	0	15.92
24/02/2014	34	22.4	28.2	0	17.75
25/02/2014	34.2	23	28.6	0	16.58
26/02/2014	34.6	23	28.8	0	14.28
27/02/2014	33.5	23	28.25	0	14.8
28/02/2014	33.6	23.4	28.5	0	17.41
01/03/2014	34	22.7	28.35	0	15.57
02/03/2014	35.5	22.5	29	0	19.25
03/03/2014	35.6	22.6	29.1	0	17.03
04/03/2014	36	23	29.5	0	16.82
05/03/2014	36	23.4	29.7	0	16.98
06/03/2014	35	22.5	28.75	0	19
07/03/2014	35	22.9	28.95	0	17
08/03/2014	35.5	23	29.25	0	19.62
09/03/2014	35.5	23	29.25	0	18.21
10/03/2014	34.4	23.2	28.8	0	13.49
11/03/2014	36.2	23.5	29.85	0	18.26
12/03/2014	35.1	23.4	29.25	0	17.76
13/03/2014	36	23.5	29.75	0	17.81
14/03/2014	37.6	23.4	30.5	0	20.61
15/03/2014	35.6	24.5	30.05	0	15.79
16/03/2014	36.5	24.2	30.35	0	14.26
17/03/2014	36.5	24.1	30.3	0	16.3
18/03/2014	37.4	23.8	30.6	0	19.57
19/03/2014	37.4	26.5	31.95	0	16.16
20/03/2014	37	25.4	31.2	0	15.9
21/03/2014	37	24.5	30.75	0	17.28
22/03/2014	36.8	24.5	30.65	0	7.41
23/03/2014	36	23.5	29.75	0	17.8
24/03/2014	37	23.8	30.4	0	13.52
25/03/2014	35.7	24.4	30.05	0	14.2
26/03/2014	37.4	24.5	30.95	0	18.75
27/03/2014	37.4	24.5	30.95	0	20.25
28/03/2014	37	25	31	0	16.18
29/03/2014	36.5	23.9	30.2	0	19.09
30/03/2014	37.2	25	31.1	0	21
31/03/2014	37.6	23.8	30.7	0	21.08
01/04/2014	37.7	24.5	31.1	0	18.17
02/04/2014	37.5	24.4	30.95	0	17.08
03/04/2014	37.5	24.5	31	0	18.33
04/04/2014	35.5	24.4	29.95	0.1	18.44
05/04/2014	35.5	24.4	29.95	0	16.08
06/04/2014	36.5	21.5	29	0	17.08
07/04/2014	37.6	21.5	29.55	0	20.75
08/04/2014	37.3	25.2	31.25	0	21.16
09/04/2014	37.6	24	30.8	0	0
10/04/2014	38	23.5	30.75	0	0
11/04/2014	36.2	24	30.1	0	0
12/04/2014	37	24	30.5	0	0
13/04/2014	36.5	23.2	29.85	11	0
14/04/2014	36.5	23	29.75	0	0
15/04/2014	36.3	22	29.15	0.4	0
16/04/2014	37.5	22	29.75	0	0
17/04/2014	36.6	24.6	30.6	0	0
18/04/2014	36.5	24	30.25	0.2	0
19/04/2014	36.9	23.7	30.3	0	0
20/04/2014	37	24.5	30.75	0	0
21/04/2014	38.5	25.2	31.85	0	0
22/04/2014	39	24.4	31.7	0	21.85
23/04/2014	37.5	25.6	31.55	0	16.82
24/04/2014	38	25.2	31.6	0	18.25
25/04/2014	37.8	25.3	31.55	0	21.46
26/04/2014	38.3	25	31.65	0	23.99
27/04/2014	39	24	31.5	0	22.82
28/04/2014	37.1	23.7	30.4	1.9	13.69
29/04/2014	35.7	23.6	29.65	0	9.73
30/04/2014	37	23	30	0	16.71
01/05/2014	37.6	23.2	30.4	0.7	20.62
02/05/2014	37.5	23	30.25	0	16.13
03/05/2014	38.2	25.6	31.9	0	21.75
04/05/2014	36.8	25.6	31.2	0	13.2
05/05/2014	37	26.5	31.75	0	8.63
06/05/2014	39	26.5	32.75	9	11.83
07/05/2014	35.8	25.5	30.65	76.7	10.69
08/05/2014	36.5	25.4	30.95	0	22.32
09/05/2014	37.6	26.6	32.1	0	20.63
10/05/2014	37.5	26.5	32	0	14.69
11/05/2014	37.1	26.1	31.6	0	21.88
12/05/2014	38.7	28.2	33.45	0	22.38
13/05/2014	38.5	28	33.25	0	20.11
14/05/2014	38.2	26.8	32.5	0	21.36
15/05/2014	38.2	28.5	33.35	0	22.78
16/05/2014	38.5	28.7	33.6	0	19.29
17/05/2014	37.4	28.6	33	0	17.98
18/05/2014	37	27.5	32.25	3.2	7.87
19/05/2014	35	26.3	30.65	0	11.59
20/05/2014	37	27.5	32.25	0	21.18
21/05/2014	37	27.3	32.15	0	22.59
22/05/2014	37.7	27.5	32.6	0	22.79
23/05/2014	37.5	27.5	32.5	0	20.64
24/05/2014	38	27.2	32.6	0	22.55
25/05/2014	37.5	27.5	32.5	0	16.55
26/05/2014	36.5	27.2	31.85	0	16.4
27/05/2014	36.5	27	31.75	18.9	13.29
28/05/2014	36.6	25.9	31.25	2.1	21.04
29/05/2014	37.2	26.5	31.85	0	19.2
30/05/2014	38.5	27	32.75	0.7	20.96
31/05/2014	37	27	32	1.1	16.05
01/06/2014	37	25	31	9.8	17.18
02/06/2014	37.6	25.6	31.6	0	21.83
03/06/2014	37.9	26.7	32.3	0	20.73
04/06/2014	38	24.5	31.25	0	19.7
05/06/2014	35.2	24.4	29.8	2.7	10.87
06/06/2014	35.2	26.2	30.7	6.9	16.99
07/06/2014	35.5	26	30.75	18.4	17.13
08/06/2014	34.8	25.2	30	6.2	19.29
09/06/2014	35	26.2	30.6	0	18.19
10/06/2014	35	27.5	31.25	0	11.49
11/06/2014	35.2	27.4	31.3	0	12.09
12/06/2014	34.5	27.6	31.05	0	11.37
13/06/2014	34	26.5	30.25	0	14.38
14/06/2014	34	26.5	30.25	3.5	13.77
15/06/2014	35	26.6	30.8	0.1	15.04
16/06/2014	34.1	26	30.05	0	11
17/06/2014	34	26.6	30.3	2.5	11.97
18/06/2014	34	25.4	29.7	0	12.99
19/06/2014	35	27	31	0	15.75
20/06/2014	36.6	27	31.8	0	16.77
21/06/2014	36.5	26.5	31.5	3.8	11.11
22/06/2014	35.5	26.5	31	3.5	12.59
23/06/2014	35.5	25	30.25	0	13.85
24/06/2014	34.5	25.2	29.85	0	16.99
25/06/2014	33.3	27.9	30.6	2.3	6.52
26/06/2014	33	25	29	0	6.52
27/06/2014	36	24.8	30.4	0	18.75
28/06/2014	36.5	25	30.75	0	16.64
29/06/2014	37	24.7	30.85	0	17.07
30/06/2014	34.2	24.7	29.45	38.1	10.69
01/07/2014	34.5	23.2	28.85	0.1	17.67
02/07/2014	36	26	31	0	17.01
03/07/2014	36.5	26.2	31.35	0	16.22
04/07/2014	37.4	27.4	32.4	0	19.31
05/07/2014	37.7	27	32.35	0	20.14
06/07/2014	36.9	26.9	31.9	1	20.61
07/07/2014	35.4	27	31.2	0	15.63
08/07/2014	35	26.5	30.75	0	11.89
09/07/2014	34.2	26.9	30.55	0	13.66
10/07/2014	33.5	26.6	30.05	0	13.53
11/07/2014	35.5	26.5	31	0	16.36
12/07/2014	36	26.5	31.25	0	18.47
13/07/2014	35.4	26.6	31	11.9	13.51
14/07/2014	35	25	30	37	10.94
15/07/2014	32.2	24.4	28.3	14.2	16.04
16/07/2014	33.6	24.2	28.9	1	13.3
17/07/2014	35	25	30	0	18.37
18/07/2014	33	25.1	29.05	0	10.44
19/07/2014	31.6	25.6	28.6	5.4	6.77
20/07/2014	34	24	29	5.4	15.28
21/07/2014	33.8	24	28.9	0	9.86
22/07/2014	33.8	25.2	29.5	0	13.94
23/07/2014	35.2	25.5	30.35	0	17.14
24/07/2014	35.2	24.9	30.05	1.9	16.38
25/07/2014	35	25.5	30.25	0	13.38
26/07/2014	34.4	25.6	30	3.2	18.73
27/07/2014	34.5	24.5	29.5	2.3	16.55
28/07/2014	30.6	25.5	28.05	1	3.76
29/07/2014	35.3	25	30.15	0	12.27
30/07/2014	34.5	25.1	29.8	5.4	10.88
31/07/2014	34.5	24.5	29.5	0	12.79
01/08/2014	34.7	26.2	30.45	0	11.75
02/08/2014	33.6	26.3	29.95	0	11.29
03/08/2014	34	25	29.5	5.6	11.44
04/08/2014	33	25.2	29.1	0	11.97
05/08/2014	33.4	27.3	30.35	0.2	7.41
06/08/2014	33.2	25.4	29.3	0	13.5
07/08/2014	33.5	24.5	29	0	12.68
08/08/2014	34.1	24.5	29.3	0.8	18.45
09/08/2014	33.1	25.8	29.45	0	15.2
10/08/2014	34.2	25.4	29.8	0	16.44
11/08/2014	35	26.3	30.65	0	18.32
12/08/2014	35.5	25.4	30.45	7.8	19.46
13/08/2014	33.5	25.2	29.35	25.1	17.1
14/08/2014	35.5	23.5	29.5	0	10.03
15/08/2014	34	24.8	29.4	0.2	16.56
16/08/2014	35	25.5	30.25	0	11.4
17/08/2014	33.8	25.8	29.8	8.3	12.95
18/08/2014	36.4	26	31.2	0.4	15.55
19/08/2014	36.2	24.5	30.35	3.4	15.17
20/08/2014	34.5	24.4	29.45	6.4	14.5
21/08/2014	33.5	24.2	28.85	15.1	12.2
22/08/2014	33	25.5	29.25	36.2	13.39
23/08/2014	34.1	25.4	29.75	5.3	8.44
24/08/2014	35.6	25.5	30.55	3.2	21.9
25/08/2014	35.5	25	30.25	0.4	13.64
26/08/2014	33	24.9	28.95	9.6	14.66
27/08/2014	34.5	24	29.25	5.6	14.87
28/08/2014	34	23.8	28.9	0	14.66
29/08/2014	33.1	23.9	28.5	0.1	14.58
30/08/2014	31.4	25.5	28.45	0	8.99
31/08/2014	31.5	26.2	28.85	4.4	8.96
01/09/2014	31.5	24.3	27.9	2.8	12.58
02/09/2014	33	24.8	28.9	7.8	15.26
03/09/2014	32.7	24.2	28.45	1.2	13.99
04/09/2014	33.6	24.3	28.95	0	16.05
05/09/2014	33.3	26	29.65	0	13.58
06/09/2014	33.6	25.7	29.65	12.3	13.05
07/09/2014	32	24.7	28.35	0	10.7
08/09/2014	35	25.2	30.1	0.1	17.21
09/09/2014	35	25.2	30.1	0.2	17.77
10/09/2014	35.2	25.2	30.2	15.9	14.87
11/09/2014	33.3	26.5	29.9	1.7	8.67
12/09/2014	34.5	25.5	30	19.4	13.83
13/09/2014	34.6	24.9	29.75	0	13.39
14/09/2014	35.2	26	30.6	44	19.44
15/09/2014	34	25	29.5	26.5	15.82
16/09/2014	33.1	24.8	28.95	0	13.45
17/09/2014	32.8	26	29.4	0	14.11
18/09/2014	33.5	26.5	30	5.4	11.54
19/09/2014	35	25.6	30.3	0	20.41
20/09/2014	36	26.7	31.35	0	2.28
21/09/2014	36	26.8	31.4	93.7	18.29
22/09/2014	34.5	24.2	29.35	0	14.24
23/09/2014	35	27.4	31.2	3.1	17.75
24/09/2014	35	25	30	7.6	8.95
25/09/2014	32.9	24.8	28.85	7.8	11.26
26/09/2014	33.2	25	29.1	0.4	10.55
27/09/2014	35.5	26.2	30.85	0	14.21
28/09/2014	35	26.2	30.6	39.8	15.2
29/09/2014	34.8	25.5	30.15	39.2	16.98
30/09/2014	34.7	24	29.35	0	10.86
01/10/2014	34	24	29	6.3	16.79
02/10/2014	33.5	24.8	29.15	3.8	11.96
03/10/2014	34.5	24.5	29.5	0	13.07
04/10/2014	35.7	24.5	30.1	0	15.14
05/10/2014	34.5	25.5	30	21	12.66
06/10/2014	30.7	24.2	27.45	11.6	9.33
07/10/2014	31.3	23.9	27.6	0	8.95
08/10/2014	31.5	25.2	28.35	33.8	8.6
09/10/2014	31	23.6	27.3	1.2	11.02
10/10/2014	33.9	23.6	28.75	14.4	7
11/10/2014	32.5	24.8	28.65	0.4	12.24
12/10/2014	33	25	29	0	12.55
13/10/2014	34.5	24.3	29.4	0	18.5
14/10/2014	34.3	25.7	30	0	18.61
15/10/2014	34	24.5	29.25	0	18.79
16/10/2014	34	23.9	28.95	0	16.61
17/10/2014	34	24	29	0	14.85
18/10/2014	34	25.1	29.55	0	18.94
19/10/2014	33.2	25.8	29.5	21.1	12.88
20/10/2014	34.5	25.2	29.85	11.4	14.02
21/10/2014	34.5	24.8	29.65	0	8.99
22/10/2014	34.7	24.8	29.75	0	9.95
23/10/2014	33.4	25.5	29.45	11.7	10.7
24/10/2014	33	25	29	0	7.35
25/10/2014	33.7	25.3	29.5	0	13.42
26/10/2014	34.4	25.5	29.95	1.4	11.89
27/10/2014	33	25	29	23	12.89
28/10/2014	33.8	23.8	28.8	1	12.06
29/10/2014	34	25.5	29.75	0	11.19
30/10/2014	35	25.5	30.25	0	12.7
31/10/2014	35.1	25.5	30.3	4.9	14.29
01/11/2014	35	25.5	30.25	0.2	15.65
02/11/2014	35.2	25	30.1	6.4	12.67
03/11/2014	34.7	25.2	29.95	0	11.54
04/11/2014	33.5	25.8	29.65	45	6.76
05/11/2014	31.8	24.7	28.25	0.2	8.9
06/11/2014	34.5	26	30.25	3.4	14.03
07/11/2014	34.6	25.4	30	0	9.84
08/11/2014	35	25.5	30.25	0	14.85
09/11/2014	34.7	25.4	30.05	0.2	16.52
10/11/2014	35.5	25.7	30.6	0	17.31
11/11/2014	35.5	26.8	31.15	0	13.22
12/11/2014	35.3	26.2	30.75	0	16.66
13/11/2014	35.3	25.5	30.4	0	17.34
14/11/2014	32	25.3	28.65	0	13.36
15/11/2014	34	24.1	29.05	0	16.93
16/11/2014	34.2	24	29.1	0	17
17/11/2014	33.8	24.2	29	0	17.02
18/11/2014	32.6	23.8	28.2	0	17.66
19/11/2014	31.5	22.5	27	0	17.33
20/11/2014	31.7	22.1	26.9	0	16.26
21/11/2014	33.2	23	28.1	0	13.92
22/11/2014	34	23.7	28.85	0	16.43
23/11/2014	34.3	23.7	29	0	12.89
24/11/2014	34.7	24.7	29.7	0	12.94
25/11/2014	35	24.6	29.8	0	12.43
26/11/2014	34.8	24.7	29.75	0	11.73
27/11/2014	33.8	25.5	29.65	0	9.73
28/11/2014	35	23.5	29.25	0	7.14
29/11/2014	34.7	24.9	29.8	0	1.75
30/11/2014	35.2	25.6	30.4	0	9.29
01/12/2014	35.4	25.5	30.45	0	13.64
02/12/2014	31.6	25.9	28.75	0.7	5.62
03/12/2014	32.6	25	28.8	0	12.24
04/12/2014	33.3	25	29.15	1.7	7.67
05/12/2014	31.4	25.2	28.3	0	7.88
06/12/2014	34.8	24.6	29.7	0	12.4
07/12/2014	35	25.5	30.25	0	15.1
08/12/2014	34.4	24.6	29.5	0	16.74
09/12/2014	34	22.5	28.25	0	16.68
10/12/2014	33.8	22.7	28.25	0	16.66
11/12/2014	34.1	21.7	27.9	0	17.12
12/12/2014	33.2	23	28.1	0	15.65
13/12/2014	29.6	22	25.8	0	9.12
14/12/2014	30.7	21.7	26.2	0	16
15/12/2014	32.8	21.8	27.3	0	15.89
16/12/2014	31.7	22.7	27.2	0	14.52
17/12/2014	32	21.2	26.6	0	10.99
18/12/2014	31.7	20	25.85	0	15.61
19/12/2014	30.4	19.8	25.1	0	15.05
20/12/2014	32	21.5	26.75	0	15.45
21/12/2014	33	20.5	26.75	0	15.54
22/12/2014	29	20.5	24.75	0	13.73
23/12/2014	30	19.4	24.7	0	14.89
24/12/2014	32.2	19.4	25.8	0	14
25/12/2014	32.5	23.7	28.1	0	12.29
26/12/2014	35.2	23	29.1	0	15.3
27/12/2014	35	24.8	29.9	0	9.57
28/12/2014	33.6	24.8	29.2	0	15.23
29/12/2014	33.5	20.6	27.05	0	16.54
30/12/2014	30.2	19.8	25	0	15.55
31/12/2014	31.6	19	25.3	0	16.7
