Date	Tmax	Tmin	Tavg		
01/02/2017	16.1	8.9	12.5
02/02/2017	15.6	9.4	12.5
03/02/2017	15.6	12.2	13.9
04/02/2017	14.4	9.4	11.9
05/02/2017	14.4	8.3	11.35
06/02/2017	15	11.7	13.35
07/02/2017	15	12.2	13.6
08/02/2017	16.7	13.3	15
09/02/2017	17.8	13.3	15.55
10/02/2017	13.9	9.4	11.65
11/02/2017	15	6.1	10.55
12/02/2017	15.6	5	10.3
13/02/2017	17.8	5	11.4
14/02/2017	21.1	7.8	14.45
15/02/2017	20	8.9	14.45
16/02/2017	16.1	10	13.05
17/02/2017	14.4	10.6	12.5
18/02/2017	13.9	7.8	10.85
19/02/2017	12.2	6.1	9.15
20/02/2017	16.7	10	13.35
21/02/2017	15.6	8.3	11.95
22/02/2017	13.9	4.4	9.15
23/02/2017	12.8	2.8	7.8
24/02/2017	11.7	1.7	6.7
25/02/2017	13.9	1.7	7.8
26/02/2017	13.3	3.9	8.6
27/02/2017	12.8	5.6	9.2
28/02/2017	14.4	2.8	8.6
01/03/2017	17.2	2.8	10
02/03/2017	19.4	5	12.2
03/03/2017	15.6	5	10.3
04/03/2017	14.4	7.2	10.8
05/03/2017	11.7	3.9	7.8
06/03/2017	12.2	2.8	7.5
07/03/2017	23.9	7.2	15.55
08/03/2017	18.3	7.2	12.75
09/03/2017	20	8.9	14.45
10/03/2017	20.6	10.6	15.6
11/03/2017	19.4	11.1	15.25
12/03/2017	22.8	8.3	15.55
13/03/2017	28.3	8.3	18.3
14/03/2017	23.3	10.6	16.95
15/03/2017	14.4	10	12.2
16/03/2017	18.3	11.1	14.7
17/03/2017	21.7	10	15.85
18/03/2017	18.9	10	14.45
19/03/2017	16.1	8.9	12.5
20/03/2017	17.2	10	13.6
21/03/2017	15.6	12.2	13.9
22/03/2017	15	8.9	11.95
23/03/2017	13.9	5.6	9.75
24/03/2017	12.2	8.3	10.25
25/03/2017	16.1	8.9	12.5
26/03/2017	16.1	8.9	12.5
27/03/2017	18.9	8.9	13.9
28/03/2017	23.3	7.2	15.25
29/03/2017	21.7	8.3	15
30/03/2017	19.4	6.7	13.05
31/03/2017	22.2	8.9	15.55
01/04/2017	21.1	7.2	14.15
02/04/2017	16.1	10	13.05
03/04/2017	21.7	8.3	15
04/04/2017	17.8	6.7	12.25
05/04/2017	21.1	9.4	15.25
06/04/2017	17.2	10	13.6
07/04/2017	15	9.4	12.2
08/04/2017	13.3	6.7	10
09/04/2017	14.4	4.4	9.4
10/04/2017	16.7	4.4	10.55
11/04/2017	16.1	10.6	13.35
12/04/2017	15.6	10.6	13.1
13/04/2017	15	7.8	11.4
14/04/2017	18.9	4.4	11.65
15/04/2017	20	5.6	12.8
16/04/2017	13.9	9.4	11.65
17/04/2017	13.9	11.1	12.5
18/04/2017	16.1	10.6	13.35
19/04/2017	17.8	7.8	12.8
20/04/2017	21.7	10	15.85
21/04/2017	21.1	8.3	14.7
22/04/2017	18.3	9.4	13.85
23/04/2017	17.8	9.4	13.6
24/04/2017	15	8.3	11.65
25/04/2017	18.3	8.3	13.3
26/04/2017	16.7	10.6	13.65
27/04/2017	20.6	8.9	14.75
28/04/2017	23.9	7.2	15.55
29/04/2017	21.1	7.8	14.45
30/04/2017	22.2	8.9	15.55
01/05/2017	25	10	17.5
02/05/2017	24.4	11.1	17.75
03/05/2017	25.6	10	17.8
04/05/2017	16.1	10	13.05
05/05/2017	22.2	9.4	15.8
06/05/2017	15	7.8	11.4
07/05/2017	16.1	8.3	12.2
08/05/2017	14.4	7.2	10.8
09/05/2017	16.7	8.3	12.5
10/05/2017	16.1	10.6	13.35
11/05/2017	17.8	11.1	14.45
12/05/2017	17.8	9.4	13.6
13/05/2017	17.2	5	11.1
14/05/2017	15	7.2	11.1
15/05/2017	17.2	7.2	12.2
16/05/2017	15	9.4	12.2
17/05/2017	18.9	7.8	13.35
18/05/2017	18.9	6.1	12.5
19/05/2017	21.7	8.9	15.3
20/05/2017	20.6	9.4	15
21/05/2017	17.2	9.4	13.3
22/05/2017	15.6	9.4	12.5
23/05/2017	15.6	10.6	13.1
24/05/2017	15.6	10.6	13.1
25/05/2017	15.6	12.2	13.9
26/05/2017	16.7	10	13.35
27/05/2017	17.2	9.4	13.3
28/05/2017	20	9.4	14.7
29/05/2017	18.9	10.6	14.75
30/05/2017	20	11.1	15.55
31/05/2017	22.2	11.1	16.65
01/06/2017	22.8	11.1	16.95
02/06/2017	20.6	10.6	15.6
03/06/2017	20.6	10.6	15.6
04/06/2017	22.2	8.9	15.55
05/06/2017	18.3	8.3	13.3
06/06/2017	18.9	10	14.45
07/06/2017	15.6	8.9	12.25
08/06/2017	17.2	11.7	14.45
09/06/2017	18.3	10	14.15
10/06/2017	18.9	7.8	13.35
11/06/2017	16.7	9.4	13.05
12/06/2017	17.2	8.9	13.05
13/06/2017	19.4	8.9	14.15
14/06/2017	21.7	9.4	15.55
15/06/2017	23.3	8.3	15.8
16/06/2017	23.3	12.8	18.05
17/06/2017	23.9	12.8	18.35
18/06/2017	22.2	13.9	18.05
19/06/2017	21.1	11.7	16.4
20/06/2017	17.8	11.7	14.75
21/06/2017	17.2	11.7	14.45
22/06/2017	20	11.1	15.55
23/06/2017	17.2	11.7	14.45
24/06/2017	18.3	12.8	15.55
25/06/2017	18.9	11.7	15.3
26/06/2017	23.3	11.1	17.2
27/06/2017	21.1	12.8	16.95
28/06/2017	18.9	11.7	15.3
29/06/2017	19.4	11.7	15.55
30/06/2017	20.6	11.1	15.85
01/07/2017	18.3	11.1	14.7
02/07/2017	16.1	11.1	13.6
03/07/2017	17.8	11.1	14.45
04/07/2017	17.2	11.7	14.45
05/07/2017	20.6	11.7	16.15
06/07/2017	21.1	11.1	16.1
07/07/2017	24.4	11.7	18.05
08/07/2017	23.9	11.7	17.8
09/07/2017	16.1	11.1	13.6
10/07/2017	18.9	11.1	15
11/07/2017	18.9	11.1	15
12/07/2017	16.7	10.6	13.65
13/07/2017	16.1	11.1	13.6
14/07/2017	16.7	10.6	13.65
15/07/2017	22.2	10.6	16.4
16/07/2017	26.1	11.7	18.9
17/07/2017	21.7	11.1	16.4
18/07/2017	22.8	10.6	16.7
19/07/2017	20	10.6	15.3
20/07/2017	21.1	11.1	16.1
21/07/2017	20.6	10.6	15.6
22/07/2017	17.2	10.6	13.9
23/07/2017	17.2	11.1	14.15
24/07/2017	17.2	11.7	14.45
25/07/2017	17.8	13.3	15.55
26/07/2017	18.9	12.8	15.85
27/07/2017	17.2	12.2	14.7
28/07/2017	17.2	11.7	14.45
29/07/2017	16.7	11.7	14.2
30/07/2017	17.8	11.1	14.45
31/07/2017	16.7	12.2	14.45
01/08/2017	17.8	11.7	14.75
02/08/2017	27.2	12.2	19.7
03/08/2017	25	16.1	20.55
04/08/2017	22.2	15.6	18.9
05/08/2017	18.9	13.9	16.4
06/08/2017	18.9	13.9	16.4
07/08/2017	22.8	13.9	18.35
08/08/2017	19.4	13.3	16.35
09/08/2017	21.7	13.9	17.8
10/08/2017	20.6	13.3	16.95
11/08/2017	21.7	12.8	17.25
12/08/2017	22.2	12.8	17.5
13/08/2017	19.4	11.7	15.55
14/08/2017	18.3	13.9	16.1
15/08/2017	18.9	13.3	16.1
16/08/2017	18.9	13.3	16.1
17/08/2017	18.9	13.9	16.4
18/08/2017	18.3	13.9	16.1
19/08/2017	17.2	13.9	15.55
20/08/2017	20	14.4	17.2
21/08/2017	20.6	14.4	17.5
22/08/2017	20	13.3	16.65
23/08/2017	17.2	13.9	15.55
24/08/2017	20	12.2	16.1
25/08/2017	18.9	12.2	15.55
26/08/2017	17.2	11.1	14.15
27/08/2017	21.7	11.7	16.7
28/08/2017	18.9	12.8	15.85
29/08/2017	20.6	13.3	16.95
30/08/2017	22.2	12.2	17.2
31/08/2017	22.2	10.6	16.4
01/09/2017	23.3	12.2	17.75
02/09/2017	13.9	4.4	9.15
03/09/2017	31.1	16.7	23.9
04/09/2017	25.6	17.8	21.7
05/09/2017	25.6	16.1	20.85
06/09/2017	21.7	15.6	18.65
07/09/2017	21.7	16.7	19.2
08/09/2017	20	15.6	17.8
09/09/2017	20	15	17.5
10/09/2017	23.9	13.9	18.9
11/09/2017	31.1	16.7	23.9
12/09/2017	21.7	16.1	18.9
13/09/2017	18.9	16.1	17.5
14/09/2017	19.4	13.3	16.35
15/09/2017	20	11.1	15.55
16/09/2017	18.3	11.1	14.7
17/09/2017	18.9	12.8	15.85
18/09/2017	22.2	13.3	17.75
19/09/2017	22.2	11.1	16.65
20/09/2017	19.4	11.7	15.55
21/09/2017	17.8	10.6	14.2
22/09/2017	17.8	8.9	13.35
23/09/2017	22.2	8.3	15.25
24/09/2017	23.3	10.6	16.95
25/09/2017	23.9	11.7	17.8
26/09/2017	26.7	13.3	20
27/09/2017	28.3	14.4	21.35
28/09/2017	24.4	12.2	18.3
29/09/2017	21.1	11.1	16.1
30/09/2017	19.4	12.2	15.8
01/10/2017	23.9	10	16.95
02/10/2017	21.1	9.4	15.25
03/10/2017	16.1	9.4	12.75
04/10/2017	20	7.8	13.9
05/10/2017	22.2	9.4	15.8
06/10/2017	30	11.1	20.55
07/10/2017	23.9	11.1	17.5
08/10/2017	24.4	11.1	17.75
09/10/2017	24.4	11.1	17.75
10/10/2017	21.7	10.6	16.15
11/10/2017	20	10	15
12/10/2017	22.2	2.8	12.5
13/10/2017	22.8	8.3	15.55
14/10/2017	25.6	8.3	16.95
15/10/2017	31.7	12.2	21.95
16/10/2017	32.8	13.3	23.05
17/10/2017	23.9	11.1	17.5
18/10/2017	15	8.3	11.65
19/10/2017	15.6	8.9	12.25
20/10/2017	16.7	8.9	12.8
21/10/2017	20	7.8	13.9
22/10/2017	23.3	9.4	16.35
23/10/2017	33.3	13.9	23.6
24/10/2017	37.8	16.7	27.25
25/10/2017	30	13.3	21.65
26/10/2017	30	15.6	22.8
27/10/2017	24.4	10.6	17.5
28/10/2017	17.2	8.3	12.75
29/10/2017	12.8	10	11.4
30/10/2017	16.1	10.6	13.35
31/10/2017	17.8	10	13.9
01/11/2017	18.9	7.2	13.05
02/11/2017	18.9	8.3	13.6
03/11/2017	17.8	11.1	14.45
04/11/2017	17.2	9.4	13.3
05/11/2017	14.4	7.8	11.1
06/11/2017	18.3	2.8	10.55
07/11/2017	20	7.2	13.6
08/11/2017	18.3	8.3	13.3
09/11/2017	16.7	12.8	14.75
10/11/2017	18.3	10.6	14.45
11/11/2017	17.2	10.6	13.9
12/11/2017	17.8	8.3	13.05
13/11/2017	20	8.3	14.15
14/11/2017	20	11.7	15.85
15/11/2017	21.1	10	15.55
16/11/2017	16.7	12.2	14.45
17/11/2017	18.3	7.8	13.05
18/11/2017	18.3	5	11.65
19/11/2017	17.2	5.6	11.4
20/11/2017	21.1	11.1	16.1
21/11/2017	27.8	13.3	20.55
22/11/2017	25.6	12.8	19.2
23/11/2017	21.7	13.9	17.8
24/11/2017	23.3	14.4	18.85
25/11/2017	24.4	13.9	19.15
26/11/2017	17.8	13.3	15.55
27/11/2017	15.6	7.2	11.4
28/11/2017	15.6	5.6	10.6
29/11/2017	17.8	6.7	12.25
30/11/2017	18.9	6.7	12.8				
						
						
						
						
						
						
						
						
						
						
						
						
						
						
						
						
						
						
						
						
						
						
						
						
						
						
						
						
						
						
						
